NSID	W8BENID	W8BENA	W8BENP2	W8BENA3	W8BENW
NS10001S	21	20	1	-1	20
NS10026M	21	20	1	-1	20
NS10026M	22	60	1	-1	60
NS10026M	23	60	1	-1	60
NS10026M	28	505	2	-1	116
NS10026M	29	40	2	-1	9
NS10029Q	21	82	1	-1	82
NS10053S	4	143	4	2	71
NS10053S	21	80	4	4	20
NS10053S	23	60	1	-1	60
NS10053S	28	130	2	-1	30
NS10053S	29	-8	-8	-1	-1
NS10068S	21	38	4	1	38
NS10068S	23	70	1	-1	70
NS10078M	21	80	2	-1	18
NS10078M	23	42	1	-1	42
NS10083B	3	220	4	2	110
NS10083B	7	-8	4	4	-1
NS10083B	28	-8	1	-1	-1
NS10083B	29	75	2	-1	17
NS10085D	21	20	1	-1	20
NS10085D	23	60	1	-1	60
NS10085D	28	438	2	-1	101
NS10085D	29	-8	-8	-1	-1
NS10093W	21	20	1	-1	20
NS10097A	21	82	2	-1	18
NS10097A	22	0	1	-1	0
NS10097A	23	27	1	-1	27
NS10097A	28	40	1	-1	40
NS10097A	29	0	2	-1	0
NS10100T	7	-8	-8	-1	-1
NS10101V	21	42	1	-1	42
NS10101V	22	-8	-8	-1	-1
NS10101V	23	409	2	-1	94
NS10101V	28	-8	-8	-1	-1
NS10101V	29	9	1	-1	9
NS10118X	21	82	2	-1	18
NS10118X	22	75	1	-1	75
NS10118X	23	65	1	-1	65
NS10118X	28	82	1	-1	82
NS10118X	29	-8	-8	-1	-1
NS10120H	21	20	1	-1	20
NS10120H	22	200	2	-1	46
NS10120H	23	208	2	-1	48
NS10120H	28	28	1	-1	28
NS10120H	29	88	2	-1	20
NS10144B	1	114	4	2	57
NS10148F	21	20	4	1	20
NS10152T	21	-8	-8	-1	-1
NS10158A	1	130	4	2	65
NS10167T	21	80	2	-1	18
NS10174K	21	20	4	1	20
NS10177N	21	135	2	-1	31
NS10177N	23	115	1	-1	115
NS10177N	28	480	2	-1	110
NS10177N	29	110	2	-1	25
NS10194Z	21	137	4	4	34
NS10194Z	23	223	2	-1	51
NS10198D	21	20	4	1	20
NS10198D	23	96	4	1	96
NS10215W	21	80	4	4	20
NS10216X	7	85	2	-1	19
NS10216X	22	66	1	-1	66
NS10217Y	21	20	1	-1	20
NS10217Y	22	83	1	-1	83
NS10217Y	23	45	1	-1	45
NS10217Y	28	300	2	-1	69
NS10217Y	29	95	2	-1	21
NS10254Y	2	70	4	2	35
NS10258C	21	38	4	1	38
NS10259D	21	138	4	4	34
NS10259D	22	150	4	4	37
NS10259D	23	470	4	4	117
NS10259D	28	226	4	2	113
NS10259D	29	-8	-8	-1	-1
NS10262Q	4	148	4	2	74
NS10284G	7	360	2	-1	83
NS10284G	21	30	1	-1	30
NS10288L	1	73	1	-1	73
NS10293A	21	190	2	-1	43
NS10293A	22	15	1	-1	15
NS10293A	23	170	1	-1	170
NS10299G	15	-8	-8	-1	-1
NS10299G	18	-8	-8	-1	-1
NS10302A	21	40	1	-1	40
NS10302A	22	60	1	-1	60
NS10302A	23	170	1	-1	170
NS10302A	28	40	1	-1	40
NS10302A	29	10	4	4	2
NS10314X	2	40	1	-1	40
NS10343E	7	82	4	1	82
NS10350W	21	20	1	-1	20
NS10350W	22	94	1	-1	94
NS10350W	23	0	1	-1	0
NS10374P	21	80	4	5	18
NS10381F	21	82	2	-1	18
NS10394D	21	80	2	-1	18
NS10414Z	1	75	1	-1	75
NS10415A	21	-9	-9	-1	-1
NS10457F	21	80	2	-1	18
NS10460S	21	81	4	4	20
NS10461T	21	130	4	4	32
NS10461T	23	110	4	15	-8
NS10462V	4	250	4	4	62
NS10462V	6	248	4	4	62
NS10462V	7	307	4	4	76
NS10465Y	21	20	1	-1	20
NS10478W	1	34	1	-1	34
NS10482J	4	109	4	1	109
NS10482J	21	82	4	4	20
NS10482J	23	189	4	4	47
NS10482J	28	86	4	2	43
NS10482J	29	30	2	-1	6
NS10483K	21	65	1	-1	65
NS10485M	1	93	4	2	46
NS10485M	21	20	1	-1	20
NS10485M	23	55	1	-1	55
NS10485M	28	68	1	-1	68
NS10485M	29	-8	-8	-1	-1
NS10507K	30	250	4	2	125
NS10515C	4	218	4	2	109
NS10515C	7	307	2	-1	70
NS10522T	21	80	4	4	20
NS10522T	23	90	4	4	22
NS10537T	21	34	1	-1	34
NS10537T	23	335	2	-1	77
NS10544K	21	20	1	-1	20
NS10544K	22	140	1	-1	140
NS10544K	23	-8	-8	-1	-1
NS10573S	21	20	1	-1	20
NS10581K	2	145	4	2	72
NS10581K	21	34	4	1	34
NS10581K	23	447	4	4	111
NS10590D	21	138	2	-1	31
NS10590D	22	75	2	-1	17
NS10590D	23	475	2	-1	109
NS10598M	21	34	1	-1	34
NS10608N	21	-8	-8	-1	-1
NS10610Z	21	82	2	-1	18
NS10633R	21	34	1	-1	34
NS10633R	22	1000	3	-1	19
NS10642K	21	82	4	4	20
NS10651D	1	75	1	-1	75
NS10656J	1	146	4	2	73
NS10666D	4	500	2	-1	115
NS10683P	21	136	2	-1	31
NS10683P	23	115	1	-1	115
NS10683P	28	147	1	-1	147
NS10683P	29	16	1	-1	16
NS10684Q	21	20	1	-1	20
NS10684Q	22	20	1	-1	20
NS10684Q	23	28	1	-1	28
NS10684Q	28	67	1	-1	67
NS10684Q	29	35	2	-1	8
NS10689W	21	82	2	-1	18
NS10699Q	4	250	4	2	125
NS10702J	4	119	1	-1	119
NS10702J	7	307	2	-1	70
NS10702J	28	240	2	-1	55
NS10702J	29	10	1	-1	10
NS10710B	2	146	4	2	73
NS10710B	21	20	1	-1	20
NS10710B	23	65	1	-1	65
NS10711C	21	83	2	-1	19
NS10732S	21	94	2	-1	21
NS10750E	1	100	1	-1	100
NS10765E	21	36	4	4	9
NS10773X	7	-8	4	1	-1
NS10783R	21	82	2	-1	18
NS10783R	23	200	2	-1	46
NS10786V	21	82	2	-1	18
NS10788X	1	142	4	2	71
NS10795N	1	71	1	-1	71
NS10795N	28	130	1	-1	130
NS10795N	29	6	1	-1	6
NS10806Q	21	82	2	-1	18
NS10812F	21	40	1	-1	40
NS10812F	28	400	2	-1	92
NS10825D	21	80	2	-1	18
NS10825D	22	9	1	-1	9
NS10825D	23	60	1	-1	60
NS10825D	28	80	4	2	40
NS10843Q	7	600	4	4	150
NS10847V	21	15	1	-1	15
NS10847V	23	15	1	-1	15
NS10849X	2	-8	-8	-1	-1
NS10849X	21	-8	-8	-1	-1
NS10851H	21	190	4	5	43
NS10851H	23	700	4	5	161
NS10862D	21	30	4	1	30
NS10865G	21	190	2	-1	43
NS10865G	22	282	2	-1	65
NS10865G	23	600	2	-1	138
NS10871X	1	125	4	2	62
NS10871X	28	250	4	2	125
NS10871X	29	68	2	-1	15
NS10875B	2	144	4	2	72
NS10875B	21	128	4	4	32
NS10875B	23	117	1	-1	117
NS10875B	28	392	4	4	98
NS10875B	29	80	2	-1	18
NS10878E	2	150	4	2	75
NS10878E	21	30	1	-1	30
NS10878E	23	15	4	1	15
NS10878E	28	550	2	-1	127
NS10878E	29	0	-8	-1	-8
NS10879F	21	82	2	-1	18
NS10909W	22	73	2	-1	16
NS10912H	21	20	1	-1	20
NS10912H	22	-8	-8	-1	-1
NS10912H	23	-8	-8	-1	-1
NS10939E	21	82	2	-1	18
NS10939E	22	600	2	-1	138
NS10939E	23	0	2	-1	0
NS10944T	21	132	2	-1	30
NS10950J	21	-9	-9	-1	-1
NS10975D	21	-8	-8	-1	-1
NS10975D	22	-8	-8	-1	-1
NS10975D	23	-8	-8	-1	-1
NS10975D	28	-8	-8	-1	-1
NS11004R	15	1500	4	11	57
NS11006T	21	82	2	-1	18
NS11015M	4	500	4	4	125
NS11020B	2	140	4	2	70
NS11020B	21	47	1	-1	47
NS11020B	23	147	4	1	147
NS11039F	21	20	1	-1	20
NS11039F	23	42	1	-1	42
NS11073C	29	30	2	-1	6
NS11077G	21	80	4	4	20
NS11077G	23	300	2	-1	69
NS11081V	21	38	1	-1	38
NS11081V	23	-8	-8	-1	-1
NS11096V	21	33	1	-1	33
NS11096V	22	109	1	-1	109
NS11096V	23	80	1	-1	80
NS11097W	1	300	4	5	69
NS11098X	4	102	1	-1	102
NS11109Z	21	20	1	-1	20
NS11109Z	23	63	1	-1	63
NS11109Z	28	70	1	-1	70
NS11109Z	29	97	2	-1	22
NS11115P	28	400	4	4	100
NS11155S	2	260	4	2	130
NS11155S	6	240	4	4	60
NS11155S	7	304	4	4	76
NS11155S	21	20	1	-1	20
NS11155S	23	102	1	-1	102
NS11168Q	4	207	4	2	103
NS11168Q	28	360	2	-1	83
NS11168Q	29	14	2	-1	3
NS11178K	21	130	2	-1	30
NS11178K	23	173	2	-1	39
NS11178K	28	400	2	-1	92
NS11178K	29	20	2	-1	4
NS11179L	21	42	4	1	42
NS11179L	23	153	4	1	153
NS11179L	28	34	4	1	34
NS11179L	29	6	4	1	6
NS11182Y	7	21	1	-1	21
NS11182Y	21	48	1	-1	48
NS11182Y	22	18	1	-1	18
NS11182Y	23	164	1	-1	164
NS11182Y	28	39	1	-1	39
NS11182Y	29	16	1	-1	16
NS11194V	21	33	4	1	33
NS11224K	1	124	1	-1	124
NS11224K	2	52	1	-1	52
NS11224K	21	-8	1	-1	-1
NS11224K	23	62	1	-1	62
NS11237H	21	34	4	1	34
NS11237H	22	40	1	-1	40
NS11237H	23	112	1	-1	112
NS11240V	21	82	2	-1	18
NS11272F	21	30	1	-1	30
NS11272F	22	54	1	-1	54
NS11272F	23	20	1	-1	20
NS11272F	28	350	2	-1	80
NS11272F	29	350	3	-1	6
NS11293W	21	82	2	-1	18
NS11305Z	21	80	2	-1	18
NS11305Z	23	0	-8	-1	-8
NS11318X	1	174	4	2	87
NS11346D	22	200	4	4	50
NS11353V	2	0	1	-1	0
NS11353V	21	146	-9	-1	-8
NS11353V	23	34	4	1	34
NS11353V	28	19	4	1	19
NS11353V	29	115	4	4	28
NS11357Z	21	82	4	4	20
NS11377N	1	100	4	2	50
NS11377N	4	200	4	2	100
NS11437M	21	82	2	-1	18
NS11439P	21	53	1	-1	53
NS11439P	22	20	1	-1	20
NS11439P	23	55	1	-1	55
NS11457B	1	108	4	2	54
NS11457B	28	212	1	-1	212
NS11457B	29	-8	-8	-1	-1
NS11460N	21	0	4	1	0
NS11481D	29	-8	-8	-1	-1
NS11482E	2	345	2	-1	79
NS11482E	7	550	2	-1	127
NS11482E	21	34	1	-1	34
NS11482E	23	121	1	-1	121
NS11482E	28	78	1	-1	78
NS11482E	29	0	-8	-1	-8
NS11488L	22	37	2	-1	8
NS11496D	21	80	2	-1	18
NS11500Y	21	80	2	-1	18
NS11500Y	22	225	2	-1	51
NS11503B	21	34	4	1	34
NS11508G	21	190	4	4	47
NS11508G	22	90	1	-1	90
NS11508G	23	170	1	-1	170
NS11508G	28	500	2	-1	115
NS11508G	29	30	1	-1	30
NS11534L	22	274	2	-1	63
NS11541C	21	80	2	-1	18
NS11541C	22	71	2	-1	16
NS11541C	23	71	2	-1	16
NS11542D	21	137	2	-1	31
NS11542D	23	72	1	-1	72
NS11560Q	21	80	1	-1	80
NS11560Q	22	80	1	-1	80
NS11560Q	23	80	1	-1	80
NS11566X	21	133	2	-1	30
NS11566X	23	211	2	-1	48
NS11579V	21	80	2	-1	18
NS11581F	1	50	1	-1	50
NS11587M	21	-9	-9	-1	-1
NS11587M	22	-9	-9	-1	-1
NS11587M	23	-9	-9	-1	-1
NS11602C	21	80	2	-1	18
NS11602C	23	72	1	-1	72
NS11613Y	21	20	1	-1	20
NS11618D	21	82	2	-1	18
NS11628Y	21	88	2	-1	20
NS11632L	2	70	4	2	35
NS11632L	21	190	4	4	47
NS11632L	23	170	1	-1	170
NS11648M	7	300	2	-1	69
NS11660S	21	130	4	4	32
NS11660S	22	350	4	4	87
NS11660S	23	350	4	4	87
NS11660S	28	300	2	-1	69
NS11660S	29	250	4	12	4
NS11665Y	4	307	2	-1	70
NS11667A	21	500	2	-1	115
NS11667A	23	538	2	-1	124
NS11671N	4	251	4	2	125
NS11671N	28	213	2	-1	49
NS11671N	29	890	3	-1	17
NS11675S	2	80	4	2	40
NS11675S	21	190	4	4	47
NS11675S	23	170	1	-1	170
NS11675S	28	80	1	-1	80
NS11675S	29	-8	-8	-1	-1
NS11678W	21	20	4	1	20
NS11678W	22	70	4	1	70
NS11678W	23	60	4	1	60
NS11678W	28	412	4	5	95
NS11678W	29	-8	-8	-1	-1
NS11682J	21	-8	-8	-1	-1
NS11682J	22	-8	-8	-1	-1
NS11682J	23	-8	-8	-1	-1
NS11683K	21	82	2	-1	18
NS11683K	22	50	1	-1	50
NS11683K	23	77	1	-1	77
NS11685M	2	60	1	-1	60
NS11685M	21	140	2	-1	32
NS11685M	23	100	1	-1	100
NS11685M	28	123	1	-1	123
NS11685M	29	100	2	-1	23
NS11694F	21	82	4	4	20
NS11694F	22	36	2	-1	8
NS11694F	23	64	1	-1	64
NS11694F	28	-8	2	-1	-1
NS11694F	29	-8	-8	-1	-1
NS11695G	21	80	2	-1	18
NS11707K	22	37	2	-1	8
NS11710X	23	80	2	-1	18
NS11717E	21	20	1	-1	20
NS11719G	1	147	4	2	73
NS11727Z	21	80	4	4	20
NS11731M	21	48	4	1	48
NS11738V	2	109	4	2	54
NS11738V	21	84	4	4	21
NS11738V	23	61	1	-1	61
NS11741G	21	120	4	4	30
NS11775V	18	-8	-8	-1	-1
NS11777X	21	83	4	4	20
NS11801F	1	146	4	2	73
NS11805K	21	74	1	-1	74
NS11805K	23	250	1	-1	250
NS11815E	1	115	1	-1	115
NS11815E	21	40	1	-1	40
NS11815E	23	72	4	1	72
NS11815E	28	-8	-8	-1	-1
NS11815E	29	-8	-8	-1	-1
NS11819J	21	-8	4	1	-1
NS11819J	23	100	1	-1	100
NS11820T	2	142	4	2	71
NS11820T	21	137	4	5	31
NS11820T	23	117	4	1	117
NS11820T	28	387	4	5	89
NS11820T	29	98	4	5	22
NS11823X	2	140	4	2	70
NS11823X	21	30	1	-1	30
NS11823X	23	11	1	-1	11
NS11823X	28	117	1	-1	117
NS11823X	29	-8	-8	-1	-1
NS11840H	21	82	2	-1	18
NS11843L	21	80	2	-1	18
NS11848R	2	143	4	2	71
NS11848R	21	80	4	4	20
NS11848R	23	63	1	-1	63
NS11848R	28	310	4	2	155
NS11848R	29	1209	3	-1	23
NS11863A	7	979	2	-1	226
NS11871S	21	64	1	-1	64
NS11871S	22	40	1	-1	40
NS11871S	23	64	1	-1	64
NS11878A	21	83	4	4	20
NS11878A	22	42	1	-1	42
NS11878A	23	82	4	1	82
NS11879B	21	137	2	-1	31
NS11879B	22	50	1	-1	50
NS11881M	4	220	4	2	110
NS11881M	7	280	4	4	70
NS11881M	28	397	4	5	91
NS11881M	29	0	2	-1	0
NS11883P	1	200	4	4	50
NS11883P	2	26	1	-1	26
NS11883P	28	500	2	-1	115
NS11883P	29	-8	-8	-1	-1
NS11900G	21	132	2	-1	30
NS11900G	23	-9	-9	-1	-1
NS11917J	21	-8	1	-1	-1
NS11922Y	2	89	1	-1	89
NS11922Y	21	134	2	-1	30
NS11922Y	23	115	1	-1	115
NS11922Y	28	95	1	-1	95
NS11922Y	29	100	2	-1	23
NS11923Z	21	20	1	-1	20
NS11923Z	22	130	1	-1	130
NS11923Z	23	0	1	-1	0
NS11923Z	28	0	1	-1	0
NS11923Z	29	0	3	-1	0
NS11962B	2	81	4	2	40
NS11962B	21	21	1	-1	21
NS11962B	23	62	1	-1	62
NS11962B	28	501	2	-1	115
NS11962B	29	-8	-8	-1	-1
NS11981P	21	137	2	-1	31
NS11981P	23	232	1	-1	232
NS11985T	21	80	2	-1	18
NS11985T	22	78	1	-1	78
NS11985T	23	18	1	-1	18
NS11995N	2	120	4	2	60
NS11995N	21	33	1	-1	33
NS11995N	23	117	1	-1	117
NS11995N	28	83	1	-1	83
NS11995N	29	75	2	-1	17
NS12006P	4	328	4	2	164
NS12006P	7	318	2	-1	73
NS12006P	28	0	1	-1	0
NS12006P	29	-8	1	-1	-1
NS12008R	22	10	1	-1	10
NS12015H	7	87	4	5	20
NS12029G	21	20	1	-1	20
NS12029G	22	520	4	4	130
NS12029G	23	0	4	4	0
NS12029G	28	-8	-8	-1	-1
NS12029G	29	-8	-8	-1	-1
NS12037Z	21	33	1	-1	33
NS12037Z	22	110	1	-1	110
NS12037Z	23	70	1	-1	70
NS12037Z	28	64	4	1	64
NS12037Z	29	11	1	-1	11
NS12037Z	30	0	1	-1	0
NS12052H	1	150	4	2	75
NS12054K	21	0	-8	-1	-8
NS12062C	22	30	2	-1	6
NS12078D	21	20	4	1	20
NS12103N	21	81	2	-1	18
NS12103N	22	255	2	-1	58
NS12103N	23	255	2	-1	58
NS12106R	21	43	1	-1	43
NS12106R	23	43	1	-1	43
NS12106R	28	95	1	-1	95
NS12106R	29	-8	-8	-1	-1
NS12124D	29	0	3	-1	0
NS12139D	21	20	1	-1	20
NS12139D	22	140	1	-1	140
NS12139D	23	140	2	-1	32
NS12141P	21	137	2	-1	31
NS12153L	21	80	2	-1	18
NS12153L	23	180	2	-1	41
NS12160C	2	142	4	2	71
NS12160C	21	120	2	-1	27
NS12160C	23	117	4	1	117
NS12163F	21	82	4	4	20
NS12165H	2	140	4	2	70
NS12165H	21	34	1	-1	34
NS12165H	23	115	1	-1	115
NS12165H	28	400	2	-1	92
NS12165H	29	-8	-8	-1	-1
NS12170X	21	-8	2	-1	-1
NS12175C	21	80	2	-1	18
NS12185X	21	80	2	-1	18
NS12185X	23	80	2	-1	18
NS12195R	1	62	1	-1	62
NS12201N	22	55	4	2	27
NS12212J	21	35	4	1	35
NS12212J	22	188	4	2	94
NS12212J	23	0	4	15	-8
NS12216N	21	20	1	-1	20
NS12216N	23	7	1	-1	7
NS12216N	28	350	2	-1	80
NS12216N	29	10	2	-1	2
NS12218Q	21	130	4	4	32
NS12223E	2	146	4	2	73
NS12223E	21	134	4	4	33
NS12223E	23	470	4	4	117
NS12223E	28	0	1	-1	0
NS12223E	29	0	4	4	0
NS12229L	2	80	4	2	40
NS12229L	21	48	4	1	48
NS12229L	23	198	4	1	198
NS12229L	28	97	4	1	97
NS12229L	29	97	4	1	97
NS12232Y	21	20	1	-1	20
NS12232Y	22	2	1	-1	2
NS12232Y	23	3	1	-1	3
NS12243T	21	33	1	-1	33
NS12243T	22	74	1	-1	74
NS12243T	23	117	1	-1	117
NS12243T	28	21	1	-1	21
NS12259V	21	80	4	4	20
NS12275E	1	89	4	2	44
NS12275E	21	81	2	-1	18
NS12275E	23	63	1	-1	63
NS12275E	28	85	1	-1	85
NS12275E	29	48	2	-1	11
NS12277G	21	33	1	-1	33
NS12277G	23	280	1	-1	280
NS12277G	28	114	1	-1	114
NS12277G	29	23	1	-1	23
NS12278H	21	20	1	-1	20
NS12278H	23	62	1	-1	62
NS12278H	28	85	1	-1	85
NS12278H	29	15	1	-1	15
NS12285Z	21	20	1	-1	20
NS12285Z	22	7	1	-1	7
NS12285Z	23	64	1	-1	64
NS12297W	1	0	-9	-1	-8
NS12297W	21	0	1	-1	0
NS12306W	21	52	1	-1	52
NS12306W	23	82	2	-1	18
NS12315P	21	30	1	-1	30
NS12315P	22	38	1	-1	38
NS12315P	23	100	1	-1	100
NS12315P	28	100	2	-1	23
NS12315P	29	50	2	-1	11
NS12317R	21	80	2	-1	18
NS12325J	21	80	2	-1	18
NS12336E	2	146	4	2	73
NS12336E	21	20	1	-1	20
NS12336E	23	64	1	-1	64
NS12338G	21	82	2	-1	18
NS12342V	21	82	2	-1	18
NS12355S	6	62	1	-1	62
NS12355S	21	20	1	-1	20
NS12355S	22	290	4	4	72
NS12355S	23	121	1	-1	121
NS12368Q	21	82	4	4	20
NS12370B	21	80	2	-1	18
NS12371C	21	82	1	-1	82
NS12376H	4	120	4	2	60
NS12376H	21	49	1	-1	49
NS12376H	23	168	1	-1	168
NS12376H	28	90	1	-1	90
NS12376H	29	0	1	-1	0
NS12382Y	21	82	2	-1	18
NS12382Y	23	25	1	-1	25
NS12384A	21	192	4	4	48
NS12384A	22	0	4	4	0
NS12384A	23	215	1	-1	215
NS12384A	28	89	1	-1	89
NS12384A	29	0	4	1	0
NS12400R	21	80	4	5	18
NS12414Q	21	20	1	-1	20
NS12430A	21	80	2	-1	18
NS12448D	21	190	2	-1	43
NS12448D	23	480	4	5	110
NS12448D	28	196	4	1	196
NS12472F	1	73	4	1	73
NS12475J	21	82	4	4	20
NS12478M	28	20	1	-1	20
NS12478M	29	-8	-8	-1	-1
NS12486E	7	220	2	-1	50
NS12486E	21	140	2	-1	32
NS12486E	22	180	1	-1	180
NS12486E	23	180	1	-1	180
NS12490S	2	60	4	2	30
NS12490S	21	47	4	1	47
NS12490S	23	688	4	4	172
NS12490S	28	498	2	-1	115
NS12496Z	21	82	2	-1	18
NS12496Z	22	110	2	-1	25
NS12496Z	23	110	2	-1	25
NS12497A	29	0	2	-1	0
NS12502W	4	139	4	2	69
NS12516V	21	34	4	1	34
NS12539M	21	82	2	-1	18
NS12539M	23	60	2	-1	13
NS12543A	1	115	1	-1	115
NS12543A	21	145	4	4	36
NS12543A	23	628	4	4	157
NS12544B	2	60	4	2	30
NS12544B	6	250	4	5	57
NS12544B	7	460	4	5	106
NS12556Y	2	90	4	2	45
NS12556Y	30	60	1	-1	60
NS12558A	4	373	4	2	186
NS12558A	7	329	4	4	82
NS12558A	28	364	4	4	91
NS12558A	30	0	-8	-1	-8
NS12566S	21	48	1	-1	48
NS12566S	22	70	1	-1	70
NS12566S	23	169	1	-1	169
NS12566S	28	350	4	2	175
NS12566S	29	6	1	-1	6
NS12580A	21	930	2	-1	214
NS12580A	23	950	2	-1	219
NS12581B	2	-9	-9	-1	-1
NS12581B	21	-9	-9	-1	-1
NS12581B	22	-9	-9	-1	-1
NS12581B	23	-9	-9	-1	-1
NS12581B	28	-9	-9	-1	-1
NS12581B	29	-9	-9	-1	-1
NS12610Q	21	200	2	-1	46
NS12611R	1	210	4	2	105
NS12611R	7	174	4	4	43
NS12626R	28	-8	-8	-1	-1
NS12626R	29	-8	-8	-1	-1
NS12638N	21	80	2	-1	18
NS12639P	21	30	4	4	7
NS12639P	28	450	2	-1	103
NS12639P	29	107	4	5	24
NS12643C	21	80	2	-1	18
NS12647G	21	-9	-9	-1	-1
NS12648H	21	80	2	-1	18
NS12665T	1	100	4	2	50
NS12673L	21	34	1	-1	34
NS12689M	3	317	4	2	158
NS12689M	7	-8	-8	-1	-1
NS12689M	21	34	1	-1	34
NS12689M	23	115	1	-1	115
NS12689M	28	-8	-8	-1	-1
NS12689M	29	-8	-8	-1	-1
NS12713W	21	190	4	4	47
NS12713W	23	160	4	1	160
NS12718B	21	80	2	-1	18
NS12718B	22	110	2	-1	25
NS12718B	23	70	1	-1	70
NS12730G	1	75	1	-1	75
NS12735M	21	20	1	-1	20
NS12735M	22	62	1	-1	62
NS12735M	23	63	1	-1	63
NS12735M	28	250	2	-1	57
NS12735M	29	48	2	-1	11
NS12751X	4	210	4	2	105
NS12751X	28	-8	-8	-1	-1
NS12751X	29	-8	-8	-1	-1
NS12781F	4	250	4	2	125
NS12781F	5	130	4	2	65
NS12781F	7	330	2	-1	76
NS12781F	28	340	2	-1	78
NS12781F	29	50	-8	-1	-8
NS12798H	1	147	4	2	73
NS12814Z	18	48	2	-1	11
NS12823S	21	82	2	-1	18
NS12836Q	21	192	4	4	48
NS12836Q	22	200	4	1	200
NS12836Q	23	0	4	1	0
NS12843G	21	21	1	-1	21
NS12851Z	2	70	1	-1	70
NS12851Z	21	48	1	-1	48
NS12851Z	23	170	1	-1	170
NS12851Z	28	110	1	-1	110
NS12851Z	29	60	4	5	13
NS12857F	4	374	4	2	187
NS12857F	7	308	2	-1	71
NS12857F	28	265	4	2	132
NS12857F	29	-8	-8	-1	-1
NS12860S	21	118	4	4	29
NS12864X	21	138	4	4	34
NS12864X	23	106	1	-1	106
NS12864X	28	124	4	4	31
NS12864X	29	-8	-8	-1	-1
NS12865Y	2	73	4	2	36
NS12865Y	21	86	2	-1	19
NS12880G	21	82	2	-1	18
NS12896H	4	-8	-8	-1	-1
NS12896H	7	-8	-8	-1	-1
NS12899L	21	137	4	4	34
NS12899L	22	110	4	4	27
NS12899L	23	200	4	4	50
NS12899L	28	0	-8	-1	-8
NS12904G	21	82	4	4	20
NS12925X	21	70	4	4	17
NS12938V	21	80	2	-1	18
NS12944K	21	20	1	-1	20
NS12944K	22	130	1	-1	130
NS12944K	23	0	1	-1	0
NS12958J	21	17	1	-1	17
NS12963Y	21	80	2	-1	18
NS12997L	29	-8	4	15	-1
NS13000D	21	-9	-9	-1	-1
NS13000D	22	-9	-9	-1	-1
NS13000D	23	-9	-9	-1	-1
NS13002F	21	82	2	-1	18
NS13002F	22	300	2	-1	69
NS13002F	23	350	2	-1	80
NS13007L	21	82	2	-1	18
NS13015D	21	-9	-9	-1	-1
NS13015D	22	-9	-9	-1	-1
NS13015D	23	-9	-9	-1	-1
NS13024X	21	80	4	4	20
NS13035S	21	137	4	4	34
NS13035S	22	60	1	-1	60
NS13035S	23	115	1	-1	115
NS13035S	28	240	2	-1	55
NS13035S	29	746	3	-1	14
NS13036T	1	140	4	2	70
NS13036T	21	-8	1	-1	-1
NS13036T	23	58	1	-1	58
NS13036T	28	131	1	-1	131
NS13036T	29	-8	1	-1	-1
NS13056H	21	82	2	-1	18
NS13056H	23	192	2	-1	44
NS13062Y	21	17	1	-1	17
NS13077Y	21	80	4	5	18
NS13077Y	22	40	1	-1	40
NS13081L	1	100	4	2	50
NS13117H	21	82	4	4	20
NS13117H	23	507	2	-1	117
NS13124Z	24	50	1	-1	50
NS13128D	21	-8	-8	-1	-1
NS13129E	21	137	4	4	34
NS13134T	21	82	4	4	20
NS13134T	23	130	4	4	32
NS13141K	2	100	1	-1	100
NS13141K	4	100	1	-1	100
NS13141K	7	450	2	-1	103
NS13165D	28	8080	4	15	-8
NS13165D	29	-8	-8	-1	-1
NS13166E	21	30	1	-1	30
NS13192J	21	82	4	4	20
NS13224B	4	-9	-9	-1	-1
NS13224B	7	-9	4	15	-1
NS13224B	21	82	4	4	20
NS13224B	23	-8	4	15	-1
NS13229G	21	-8	1	-1	-1
NS13239B	21	80	2	-1	18
NS13239B	23	90	2	-1	20
NS13255L	18	0	-8	-1	-8
NS13261B	21	80	2	-1	18
NS13262C	21	190	4	4	47
NS13262C	22	200	4	1	200
NS13262C	23	200	4	1	200
NS13275A	21	137	4	4	34
NS13277C	21	80	2	-1	18
NS13277C	22	-9	-9	-1	-1
NS13277C	23	-9	-9	-1	-1
NS13283S	1	110	4	2	55
NS13283S	4	240	4	2	120
NS13283S	6	62	1	-1	62
NS13283S	21	70	1	-1	70
NS13283S	23	20	1	-1	20
NS13283S	28	11	1	-1	11
NS13283S	29	-8	-8	-1	-1
NS13297R	21	47	1	-1	47
NS13297R	22	6	1	-1	6
NS13297R	23	47	1	-1	47
NS13301L	2	146	4	2	73
NS13301L	21	20	1	-1	20
NS13301L	23	56	1	-1	56
NS13301L	28	-8	-8	-1	-1
NS13301L	29	-8	-8	-1	-1
NS13303N	4	100	4	1	100
NS13317M	21	21	1	-1	21
NS13317M	22	165	2	-1	38
NS13317M	23	161	1	-1	161
NS13318N	4	250	4	2	125
NS13318N	7	460	2	-1	106
NS13319P	21	21	1	-1	21
NS13319P	22	65	1	-1	65
NS13319P	23	63	1	-1	63
NS13319P	28	150	4	2	75
NS13319P	29	0	-8	-1	-8
NS13349Y	2	125	2	-1	28
NS13349Y	21	34	1	-1	34
NS13349Y	23	112	4	1	112
NS13349Y	28	93	4	1	93
NS13349Y	29	-8	1	-1	-1
NS13351J	21	137	2	-1	31
NS13351J	22	-8	-8	-1	-1
NS13351J	23	-8	3	-1	-1
NS13364G	22	50	4	1	50
NS13372Z	1	0	-8	-1	-8
NS13372Z	21	33	1	-1	33
NS13372Z	23	130	1	-1	130
NS13372Z	28	0	-8	-1	-8
NS13372Z	29	0	-8	-1	-8
NS13375C	21	-8	-8	-1	-1
NS13375C	22	-8	-8	-1	-1
NS13375C	23	-8	-8	-1	-1
NS13375C	28	30	4	4	7
NS13384W	4	250	4	2	125
NS13386Y	21	20	1	-1	20
NS13386Y	22	60	1	-1	60
NS13386Y	23	70	1	-1	70
NS13386Y	28	20	2	-1	4
NS13386Y	29	20	2	-1	4
NS13390L	21	130	2	-1	30
NS13390L	22	350	1	-1	350
NS13390L	23	0	1	-1	0
NS13392N	21	81	2	-1	18
NS13392N	22	1900	3	-1	36
NS13392N	23	545	3	-1	10
NS13397T	1	0	-9	-1	-8
NS13397T	28	0	-8	-1	-8
NS13397T	29	0	-9	-1	-8
NS13402P	4	600	4	4	150
NS13402P	28	-8	-8	-1	-1
NS13402P	29	-8	-8	-1	-1
NS13404R	21	80	2	-1	18
NS13404R	23	80	2	-1	18
NS13405S	21	83	2	-1	19
NS13406T	21	130	4	4	32
NS13406T	22	15	1	-1	15
NS13406T	23	85	1	-1	85
NS13439F	4	250	4	2	125
NS13439F	7	174	2	-1	40
NS13452M	1	70	1	-1	70
NS13459V	21	130	2	-1	30
NS13461F	7	74	2	-1	17
NS13477G	22	-8	-8	-1	-1
NS13500P	4	209	2	-1	48
NS13500P	7	142	4	1	142
NS13512L	21	48	1	-1	48
NS13512L	22	5	4	1	5
NS13512L	23	168	1	-1	168
NS13512L	28	100	4	4	25
NS13512L	29	1	4	4	0
NS13525J	7	230	2	-1	53
NS13526K	21	21	1	-1	21
NS13526K	23	68	1	-1	68
NS13530Y	4	140	4	2	70
NS13530Y	21	110	1	-1	110
NS13530Y	28	90	1	-1	90
NS13530Y	29	14	2	-1	3
NS13541T	21	192	4	4	48
NS13541T	22	9	4	1	9
NS13541T	23	160	4	1	160
NS13541T	28	230	4	5	53
NS13541T	29	12	1	-1	12
NS13542V	2	144	4	2	72
NS13542V	21	115	1	-1	115
NS13542V	23	30	1	-1	30
NS13542V	28	57	1	-1	57
NS13558W	21	48	1	-1	48
NS13558W	22	39	1	-1	39
NS13558W	23	160	1	-1	160
NS13560G	21	38	4	1	38
NS13560G	22	43	4	1	43
NS13560G	23	138	4	1	138
NS13563K	22	90	4	1	90
NS13571C	21	92	4	4	23
NS13579L	4	250	4	2	125
NS13591R	21	27	1	-1	27
NS13591R	22	70	1	-1	70
NS13591R	23	130	1	-1	130
NS13591R	28	23	1	-1	23
NS13591R	29	-8	-8	-1	-1
NS13607Z	21	34	1	-1	34
NS13607Z	22	115	4	1	115
NS13607Z	23	0	1	-1	0
NS13622H	21	83	2	-1	19
NS13627N	2	71	1	-1	71
NS13627N	21	130	2	-1	30
NS13627N	23	400	2	-1	92
NS13627N	28	1100	2	-1	254
NS13627N	29	90	2	-1	20
NS13629Q	4	100	4	2	50
NS13634E	29	30	2	-1	6
NS13644Z	21	82	4	4	20
NS13657X	21	20	1	-1	20
NS13657X	22	40	1	-1	40
NS13657X	23	41	1	-1	41
NS13675J	21	80	2	-1	18
NS13682A	4	370	4	2	185
NS13682A	5	0	-8	-1	-8
NS13682A	7	400	4	4	100
NS13682A	28	170	4	2	85
NS13682A	29	-8	-8	-1	-1
NS13686E	4	250	2	-1	57
NS13686E	7	307	2	-1	70
NS13686E	28	-8	-8	-1	-1
NS13686E	29	-8	-8	-1	-1
NS13704Y	21	80	2	-1	18
NS13709D	2	91	4	2	45
NS13709D	6	248	2	-1	57
NS13722K	2	107	4	2	53
NS13722K	21	21	1	-1	21
NS13722K	23	64	1	-1	64
NS13723L	21	137	2	-1	31
NS13728R	21	80	2	-1	18
NS13735H	21	20	1	-1	20
NS13749G	21	135	2	-1	31
NS13749G	22	75	1	-1	75
NS13749G	23	115	1	-1	115
NS13749G	28	441	2	-1	101
NS13749G	29	20	1	-1	20
NS13753V	21	20	1	-1	20
NS13753V	22	60	1	-1	60
NS13753V	23	60	1	-1	60
NS13753V	28	157	1	-1	157
NS13753V	29	-8	-8	-1	-1
NS13754W	2	140	4	2	70
NS13754W	21	63	1	-1	63
NS13754W	23	20	1	-1	20
NS13758A	1	113	4	2	56
NS13758A	21	20	1	-1	20
NS13758A	23	59	1	-1	59
NS13758A	28	89	1	-1	89
NS13758A	29	-8	-8	-1	-1
NS13761M	21	80	4	5	18
NS13761M	23	100	4	1	100
NS13768V	2	220	4	2	110
NS13768V	7	200	4	4	50
NS13768V	21	70	4	4	17
NS13768V	23	200	4	4	50
NS13768V	28	400	2	-1	92
NS13777N	21	33	1	-1	33
NS13783D	21	20	1	-1	20
NS13783D	22	62	1	-1	62
NS13783D	23	62	1	-1	62
NS13783D	28	450	2	-1	103
NS13783D	29	600	3	-1	11
NS13787H	4	250	4	2	125
NS13787H	21	34	1	-1	34
NS13787H	23	114	1	-1	114
NS13787H	28	0	1	-1	0
NS13789K	21	84	2	-1	19
NS13797C	21	-8	-8	-1	-1
NS13797C	23	-8	-8	-1	-1
NS13798D	4	120	1	-1	120
NS13804A	21	100	4	5	23
NS13807D	21	20	4	1	20
NS13807D	23	50	4	1	50
NS13815W	1	115	4	2	57
NS13815W	21	33	1	-1	33
NS13815W	23	103	1	-1	103
NS13815W	28	70	1	-1	70
NS13815W	29	16	1	-1	16
NS13826R	21	82	4	4	20
NS13827S	7	87	2	-1	20
NS13828T	21	21	4	1	21
NS13834J	4	73	1	-1	73
NS13834J	28	118	1	-1	118
NS13849J	21	138	4	4	34
NS13862Q	4	216	4	2	108
NS13862Q	7	316	2	-1	72
NS13862Q	21	80	2	-1	18
NS13862Q	22	630	4	4	157
NS13862Q	23	300	2	-1	69
NS13914X	4	130	2	-1	30
NS13928W	2	73	1	-1	73
NS13928W	21	82	4	4	20
NS13928W	23	64	1	-1	64
NS13928W	28	0	4	15	-8
NS13928W	29	0	4	15	-8
NS13929X	21	20	1	-1	20
NS13952Y	21	0	4	15	-8
NS13952Y	22	0	1	-1	0
NS13952Y	23	80	2	-1	18
NS13956C	21	-8	-8	-1	-1
NS13956C	23	-8	-8	-1	-1
NS13965W	7	220	4	4	55
NS13966X	2	65	1	-1	65
NS13966X	21	30	1	-1	30
NS13966X	23	50	1	-1	50
NS13966X	28	300	2	-1	69
NS13966X	29	20	1	-1	20
NS13971L	21	137	4	4	34
NS13971L	23	246	4	4	61
NS13973N	2	139	4	2	69
NS13973N	21	34	1	-1	34
NS13973N	23	105	1	-1	105
NS13973N	28	414	4	4	103
NS13973N	29	-8	-8	-1	-1
NS13979V	21	80	2	-1	18
NS13988N	4	250	4	2	125
NS13988N	7	150	2	-1	34
NS13988N	28	440	2	-1	101
NS13988N	29	500	4	15	-8
NS14012W	21	20	1	-1	20
NS14025T	21	20	1	-1	20
NS14025T	23	60	2	-1	13
NS14025T	29	0	3	-1	0
NS14028X	21	21	1	-1	21
NS14028X	22	12	1	-1	12
NS14028X	23	62	1	-1	62
NS14029Y	22	91	1	-1	91
NS14036P	21	34	1	-1	34
NS14050X	2	120	4	2	60
NS14050X	21	60	1	-1	60
NS14056D	21	80	4	4	20
NS14064W	21	21	1	-1	21
NS14064W	22	136	4	1	136
NS14064W	23	0	1	-1	0
NS14064W	28	61	4	1	61
NS14077T	29	-8	3	-1	-1
NS14079W	21	82	2	-1	18
NS14079W	22	100	4	4	25
NS14079W	23	250	4	4	62
NS14080F	21	20	1	-1	20
NS14082H	17	57	2	-1	13
NS14090A	18	60	2	-1	13
NS14102D	21	82	4	5	18
NS14102D	23	82	4	5	18
NS14104F	2	-8	-8	-1	-1
NS14104F	21	-8	-8	-1	-1
NS14104F	22	-8	-8	-1	-1
NS14104F	23	-8	-8	-1	-1
NS14105G	21	-9	-9	-1	-1
NS14110W	21	38	1	-1	38
NS14110W	22	160	1	-1	160
NS14110W	23	0	1	-1	0
NS14110W	28	71	1	-1	71
NS14110W	29	55	2	-1	12
NS14123T	21	80	4	4	20
NS14127Y	21	80	2	-1	18
NS14127Y	22	130	1	-1	130
NS14139V	2	-8	-8	-1	-1
NS14139V	5	-8	-8	-1	-1
NS14140E	7	410	2	-1	94
NS14148N	21	20	1	-1	20
NS14148N	22	125	1	-1	125
NS14148N	23	0	1	-1	0
NS14166A	21	80	2	-1	18
NS14180H	29	35	2	-1	8
NS14190C	21	48	1	-1	48
NS14190C	23	766	2	-1	176
NS14191D	7	-9	4	15	-1
NS14191D	21	30	1	-1	30
NS14191D	23	30	1	-1	30
NS14208M	21	-9	-9	-1	-1
NS14208M	23	-9	-9	-1	-1
NS14210Y	22	45	2	-1	10
NS14211Z	2	92	4	2	46
NS14211Z	6	50	4	1	50
NS14211Z	7	300	4	4	75
NS14211Z	21	80	4	4	20
NS14211Z	23	62	4	1	62
NS14211Z	28	0	-8	-1	-8
NS14211Z	29	0	-8	-1	-8
NS14234R	21	20	1	-1	20
NS14234R	23	-9	1	-1	-1
NS14244L	4	400	4	2	200
NS14244L	28	390	2	-1	90
NS14244L	29	-8	-8	-1	-1
NS14248Q	21	180	4	4	45
NS14252D	1	133	4	2	66
NS14252D	21	34	1	-1	34
NS14252D	23	115	1	-1	115
NS14252D	28	97	1	-1	97
NS14252D	29	-8	-8	-1	-1
NS14261X	4	146	4	2	73
NS14262Y	21	82	2	-1	18
NS14281L	21	160	4	4	40
NS14281L	22	0	4	4	0
NS14281L	29	0	4	4	0
NS14313D	4	224	4	2	112
NS14313D	7	220	2	-1	50
NS14320V	1	-9	-9	-1	-1
NS14320V	2	140	4	1	140
NS14320V	8	2	-9	-1	-8
NS14320V	21	130	2	-1	30
NS14320V	22	-9	-9	-1	-1
NS14320V	23	122	2	-1	28
NS14320V	29	3	1	-1	3
NS14324Z	7	400	4	4	100
NS14334T	21	82	2	-1	18
NS14341K	1	145	4	2	72
NS14341K	28	280	4	5	64
NS14341K	29	50	4	5	11
NS14347R	4	214	4	2	107
NS14371T	2	120	4	2	60
NS14371T	21	192	4	4	48
NS14371T	28	450	4	4	112
NS14371T	29	10	1	-1	10
NS14373W	21	82	2	-1	18
NS14386T	21	20	1	-1	20
NS14398Q	2	120	4	2	60
NS14398Q	21	60	1	-1	60
NS14398Q	23	120	1	-1	120
NS14398Q	28	550	4	5	127
NS14398Q	29	-8	-8	-1	-1
NS14407Q	2	145	4	2	72
NS14408R	21	80	2	-1	18
NS14412E	1	146	4	2	73
NS14436Y	21	80	4	4	20
NS14443P	21	-8	-8	-1	-1
NS14447T	1	144	4	2	72
NS14447T	21	80	2	-1	18
NS14447T	28	80	1	-1	80
NS14447T	29	15	1	-1	15
NS14464E	21	81	4	4	20
NS14464E	23	150	4	4	37
NS14464E	28	350	4	2	175
NS14464E	29	395	3	-1	7
NS14469K	2	276	4	2	138
NS14469K	6	61	1	-1	61
NS14469K	7	220	2	-1	50
NS14469K	21	35	1	-1	35
NS14469K	22	0	-9	-1	-8
NS14469K	23	117	1	-1	117
NS14469K	28	84	1	-1	84
NS14469K	29	-8	-8	-1	-1
NS14474Z	1	110	1	-1	110
NS14474Z	21	62	1	-1	62
NS14474Z	23	200	1	-1	200
NS14474Z	28	98	1	-1	98
NS14474Z	29	16	1	-1	16
NS14475A	21	82	2	-1	18
NS14480P	4	100	1	-1	100
NS14480P	7	100	1	-1	100
NS14481Q	21	130	2	-1	30
NS14491K	21	30	1	-1	30
NS14499T	2	56	2	-1	12
NS14499T	21	56	2	-1	12
NS14499T	28	56	2	-1	12
NS14509V	21	20	1	-1	20
NS14509V	23	63	1	-1	63
NS14512G	21	20	1	-1	20
NS14512G	22	50	1	-1	50
NS14512G	23	50	1	-1	50
NS14512G	28	60	1	-1	60
NS14512G	29	0	2	-1	0
NS14517M	21	34	1	-1	34
NS14517M	22	50	1	-1	50
NS14517M	23	150	1	-1	150
NS14517M	28	89	1	-1	89
NS14517M	29	3	1	-1	3
NS14524D	21	80	4	4	20
NS14542Q	21	80	2	-1	18
NS14559S	4	225	4	2	112
NS14566J	21	137	2	-1	31
NS14569M	21	48	1	-1	48
NS14569M	22	50	1	-1	50
NS14569M	23	170	1	-1	170
NS14569M	28	136	4	2	68
NS14569M	29	5	1	-1	5
NS14570X	14	369	2	-1	85
NS14578F	21	80	2	-1	18
NS14584W	21	30	4	2	15
NS14592N	1	73	1	-1	73
NS14597T	21	136	2	-1	31
NS14617P	21	134	4	4	33
NS14617P	23	229	4	4	57
NS14637D	21	-9	-9	-1	-1
NS14652M	7	320	2	-1	73
NS14654P	7	180	2	-1	41
NS14654P	21	134	2	-1	30
NS14669P	1	146	4	2	73
NS14669P	21	63	1	-1	63
NS14669P	23	63	1	-1	63
NS14679J	2	0	1	-1	0
NS14679J	7	0	1	-1	0
NS14679J	21	134	4	4	33
NS14679J	23	469	4	4	117
NS14679J	28	0	1	-1	0
NS14679J	29	0	3	-1	0
NS14698X	21	20	4	1	20
NS14698X	23	58	1	-1	58
NS14730Y	21	61	2	-1	14
NS14743W	1	124	4	2	62
NS14743W	21	20	4	1	20
NS14743W	23	63	1	-1	63
NS14748B	2	70	4	2	35
NS14759X	4	54	1	-1	54
NS14759X	28	70	1	-1	70
NS14759X	29	0	-8	-1	-8
NS14768Q	1	104	4	2	52
NS14768Q	28	-8	-8	-1	-1
NS14768Q	29	-8	-8	-1	-1
NS14793T	21	33	4	1	33
NS14793T	22	150	4	1	150
NS14793T	23	545	4	4	136
NS14793T	28	250	2	-1	57
NS14793T	29	400	3	-1	7
NS14794V	21	105	2	-1	24
NS14795W	21	137	4	4	34
NS14801S	21	-8	-8	-1	-1
NS14801S	22	-8	-8	-1	-1
NS14801S	23	-8	-8	-1	-1
NS14801S	28	-8	-8	-1	-1
NS14801S	29	-8	-8	-1	-1
NS14806Y	21	80	2	-1	18
NS14806Y	22	-9	1	-1	-1
NS14806Y	23	-8	-8	-1	-1
NS14831B	2	140	4	2	70
NS14831B	21	20	1	-1	20
NS14831B	23	60	1	-1	60
NS14861K	22	30	4	5	6
NS14866Q	21	82	2	-1	18
NS14875J	7	300	2	-1	69
NS14880Y	21	192	2	-1	44
NS14887F	21	20	1	-1	20
NS14887F	23	20	1	-1	20
NS14893W	21	82	2	-1	18
NS14907B	21	302	2	-1	69
NS14907B	23	1100	2	-1	254
NS14931D	2	130	4	2	65
NS14931D	4	130	4	2	65
NS14931D	7	200	2	-1	46
NS14932E	23	81	2	-1	18
NS14945C	2	146	4	2	73
NS14945C	21	82	4	4	20
NS14945C	23	65	1	-1	65
NS14946D	21	38	1	-1	38
NS14958A	21	138	2	-1	31
NS14958A	23	214	2	-1	49
NS14966S	21	106	1	-1	106
NS14966S	23	106	1	-1	106
NS14971G	4	120	2	-1	27
NS14971G	7	200	2	-1	46
NS14971G	21	130	2	-1	30
NS14971G	23	500	2	-1	115
NS14971G	28	280	2	-1	64
NS14971G	29	30	2	-1	6
NS14977N	18	0	2	-1	0
NS14981B	2	100	4	2	50
NS14981B	21	21	1	-1	21
NS14981B	23	63	1	-1	63
NS14981B	28	108	1	-1	108
NS14981B	29	-8	-8	-1	-1
NS15009E	21	82	2	-1	18
NS15010P	7	307	4	4	76
NS15010P	21	1	4	1	1
NS15012R	21	137	4	4	34
NS15012R	22	59	4	4	14
NS15012R	23	405	4	4	101
NS15012R	28	19	4	2	9
NS15012R	29	10	1	-1	10
NS15018Y	21	20	1	-1	20
NS15019Z	21	34	4	1	34
NS15019Z	22	61	4	1	61
NS15019Z	23	110	4	1	110
NS15019Z	28	149	4	2	74
NS15019Z	29	400	4	12	7
NS15020J	21	20	1	-1	20
NS15020J	22	180	1	-1	180
NS15020J	23	60	1	-1	60
NS15039N	21	82	2	-1	18
NS15050S	21	0	-8	-1	-8
NS15050S	22	0	-8	-1	-8
NS15050S	23	0	-8	-1	-8
NS15058B	21	80	2	-1	18
NS15061N	21	81	4	4	20
NS15071H	21	52	1	-1	52
NS15071H	22	0	-8	-1	-8
NS15071H	23	0	1	-1	0
NS15071H	28	-8	-8	-1	-1
NS15074L	21	-9	-9	-1	-1
NS15076N	21	83	4	4	20
NS15076N	22	74	4	1	74
NS15076N	23	62	1	-1	62
NS15082D	1	144	4	2	72
NS15096C	4	250	4	2	125
NS15098E	28	37	1	-1	37
NS15098E	29	37	1	-1	37
NS15111S	2	146	1	-1	146
NS15111S	21	82	1	-1	82
NS15111S	28	230	4	2	115
NS15111S	29	-8	-8	-1	-1
NS15116Y	22	55	4	4	13
NS15128V	21	20	1	-1	20
NS15128V	23	70	1	-1	70
NS15128V	28	576	2	-1	133
NS15130F	1	146	4	2	73
NS15149K	14	-8	4	4	-1
NS15159E	21	137	4	4	34
NS15159E	22	80	1	-1	80
NS15159E	23	180	1	-1	180
NS15159E	28	50	1	-1	50
NS15159E	29	15	1	-1	15
NS15164T	1	120	4	2	60
NS15165V	18	66	2	-1	15
NS15176Q	1	229	2	-1	52
NS15176Q	21	34	1	-1	34
NS15176Q	23	113	1	-1	113
NS15176Q	28	700	2	-1	161
NS15178S	21	20	4	1	20
NS15178S	23	25	4	5	5
NS15182F	21	21	4	1	21
NS15202B	1	110	1	-1	110
NS15202B	21	30	1	-1	30
NS15202B	23	-8	1	-1	-1
NS15202B	28	95	1	-1	95
NS15202B	29	-8	1	-1	-1
NS15220N	21	20	1	-1	20
NS15220N	22	70	1	-1	70
NS15220N	23	60	1	-1	60
NS15220N	28	40	1	-1	40
NS15220N	29	10	1	-1	10
NS15228X	21	20	1	-1	20
NS15228X	22	120	1	-1	120
NS15228X	23	60	1	-1	60
NS15228X	28	80	1	-1	80
NS15228X	29	80	2	-1	18
NS15256D	21	-9	-9	-1	-1
NS15278V	4	70	1	-1	70
NS15294E	21	80	2	-1	18
NS15305G	1	140	4	2	70
NS15322S	7	-9	-9	-1	-1
NS15324V	7	-9	-9	-1	-1
NS15335Q	21	34	4	1	34
NS15335Q	23	117	4	1	117
NS15339V	21	30	4	1	30
NS15339V	23	150	4	1	150
NS15339V	28	-8	-8	-1	-1
NS15339V	29	-9	-9	-1	-1
NS15352B	4	200	4	2	100
NS15352B	7	300	4	4	75
NS15355E	2	60	1	-1	60
NS15355E	21	20	1	-1	20
NS15355E	23	424	2	-1	97
NS15355E	28	-8	-8	-1	-1
NS15355E	29	-8	-8	-1	-1
NS15370N	21	21	1	-1	21
NS15370N	22	265	2	-1	61
NS15370N	23	63	1	-1	63
NS15382K	21	38	1	-1	38
NS15393F	21	30	1	-1	30
NS15399M	21	34	1	-1	34
NS15399M	23	100	1	-1	100
NS15402F	21	20	1	-1	20
NS15402F	22	125	1	-1	125
NS15402F	23	0	4	1	0
NS15402F	28	338	4	4	84
NS15402F	29	0	4	4	0
NS15409N	2	460	4	4	115
NS15409N	28	85	1	-1	85
NS15409N	29	10	1	-1	10
NS15416E	1	229	4	2	114
NS15416E	21	34	1	-1	34
NS15416E	23	121	1	-1	121
NS15416E	28	65	1	-1	65
NS15416E	29	0	-8	-1	-8
NS15427A	21	83	2	-1	19
NS15440G	1	146	4	2	73
NS15449R	21	21	4	1	21
NS15449R	22	254	2	-1	58
NS15449R	23	254	4	5	58
NS15454F	21	46	1	-1	46
NS15454F	22	40	1	-1	40
NS15454F	23	169	1	-1	169
NS15454F	28	6	1	-1	6
NS15454F	29	-8	4	4	-1
NS15456H	1	114	1	-1	114
NS15456H	21	34	1	-1	34
NS15456H	23	114	1	-1	114
NS15456H	28	110	1	-1	110
NS15456H	29	119	2	-1	27
NS15476X	21	20	1	-1	20
NS15476X	23	52	1	-1	52
NS15483N	4	250	4	2	125
NS15483N	7	77	1	-1	77
NS15483N	28	109	1	-1	109
NS15483N	29	19	1	-1	19
NS15502H	1	72	1	-1	72
NS15502H	28	220	2	-1	50
NS15506M	21	34	1	-1	34
NS15506M	22	50	1	-1	50
NS15506M	23	178	1	-1	178
NS15506M	28	470	4	4	117
NS15506M	29	40	4	4	10
NS15514E	21	130	2	-1	30
NS15517H	21	137	2	-1	31
NS15544N	21	20	1	-1	20
NS15548S	21	80	4	5	18
NS15566E	21	20	1	-1	20
NS15566E	23	36	1	-1	36
NS15567F	2	140	4	2	70
NS15567F	21	20	1	-1	20
NS15567F	23	60	1	-1	60
NS15567F	28	450	2	-1	103
NS15567F	29	10	2	-1	2
NS15572V	21	82	2	-1	18
NS15572V	22	89	1	-1	89
NS15572V	23	89	1	-1	89
NS15578B	29	90	2	-1	20
NS15593K	4	142	4	2	71
NS15593K	28	0	1	-1	0
NS15593K	29	5	1	-1	5
NS15628F	22	-8	-8	-1	-1
NS15629G	2	91	4	2	45
NS15629G	6	248	4	4	62
NS15639B	21	82	2	-1	18
NS15639B	22	-8	4	4	-1
NS15639B	23	-8	4	4	-1
NS15639B	28	-8	2	-1	-1
NS15639B	29	-8	2	-1	-1
NS15646S	1	72	1	-1	72
NS15646S	21	72	1	-1	72
NS15657N	21	39	1	-1	39
NS15657N	22	40	1	-1	40
NS15657N	23	110	1	-1	110
NS15657N	28	40	1	-1	40
NS15657N	29	9	3	-1	0
NS15662C	1	219	4	2	109
NS15662C	21	48	1	-1	48
NS15662C	23	165	1	-1	165
NS15662C	28	490	2	-1	113
NS15662C	29	150	2	-1	34
NS15664E	2	72	1	-1	72
NS15664E	21	20	1	-1	20
NS15664E	23	60	1	-1	60
NS15664E	28	110	1	-1	110
NS15684T	21	80	2	-1	18
NS15689Z	21	1	-8	-1	-8
NS15689Z	22	-8	-8	-1	-1
NS15689Z	23	-8	-8	-1	-1
NS15693M	22	150	1	-1	150
NS15694N	4	204	4	2	102
NS15694N	21	33	1	-1	33
NS15694N	23	117	1	-1	117
NS15694N	28	480	2	-1	110
NS15694N	29	-8	2	-1	-1
NS15696Q	4	229	4	2	114
NS15696Q	21	135	4	4	33
NS15696Q	23	120	1	-1	120
NS15696Q	28	101	1	-1	101
NS15696Q	29	90	2	-1	20
NS15704P	21	82	2	-1	18
NS15705Q	21	-9	-9	-1	-1
NS15710E	1	73	1	-1	73
NS15711F	21	-8	1	-1	-1
NS15711F	22	-8	-8	-1	-1
NS15711F	23	-8	-8	-1	-1
NS15711F	28	140	4	2	70
NS15714J	21	82	2	-1	18
NS15714J	22	53	1	-1	53
NS15714J	23	62	2	-1	14
NS15750H	22	20	2	-1	4
NS15770X	21	82	2	-1	18
NS15775C	2	140	4	2	70
NS15775C	21	20	1	-1	20
NS15775C	23	240	2	-1	55
NS15778F	18	-8	-8	-1	-1
NS15780R	21	137	4	4	34
NS15780R	22	80	1	-1	80
NS15780R	23	110	1	-1	110
NS15784W	5	-8	-8	-1	-1
NS15784W	7	-8	-8	-1	-1
NS15787Z	21	50	2	-1	11
NS15787Z	23	82	2	-1	18
NS15797T	21	20	1	-1	20
NS15826H	22	50	1	-1	50
NS15833Z	21	20	4	1	20
NS15833Z	22	-8	4	1	-1
NS15833Z	23	-8	4	1	-1
NS15833Z	28	-8	4	4	-1
NS15833Z	29	-8	4	5	-1
NS15836C	21	120	2	-1	27
NS15836C	23	140	1	-1	140
NS15838E	21	80	4	4	20
NS15842S	29	0	-8	-1	-8
NS15844V	2	-8	1	-1	-1
NS15844V	4	-8	-8	-1	-1
NS15844V	28	-8	-8	-1	-1
NS15844V	29	-8	-8	-1	-1
NS15868N	4	146	4	2	73
NS15868N	7	224	4	4	56
NS15868N	28	820	4	5	189
NS15868N	29	-8	-8	-1	-1
NS15872B	21	80	2	-1	18
NS15876F	29	30	2	-1	6
NS15893R	2	146	4	2	73
NS15893R	21	20	1	-1	20
NS15893R	23	57	1	-1	57
NS15893R	28	436	2	-1	100
NS15893R	29	70	2	-1	16
NS15895T	21	34	1	-1	34
NS15895T	22	179	1	-1	179
NS15895T	23	170	1	-1	170
NS15903S	21	80	4	4	20
NS15904T	21	34	1	-1	34
NS15904T	23	32	1	-1	32
NS15926K	21	20	1	-1	20
NS15938G	2	111	4	2	55
NS15938G	21	132	2	-1	30
NS15938G	23	112	1	-1	112
NS15938G	28	700	2	-1	161
NS15938G	29	15	2	-1	3
NS15941T	22	24	1	-1	24
NS15952P	21	33	1	-1	33
NS15952P	22	255	1	-1	255
NS15952P	23	75	1	-1	75
NS15966N	21	80	2	-1	18
NS15973E	21	20	4	1	20
NS15973E	23	238	4	4	59
NS15974F	30	750	2	-1	173
NS15990Q	21	80	4	4	20
NS15990Q	22	100	4	4	25
NS15990Q	23	240	4	4	60
NS15993T	1	140	4	2	70
NS15993T	21	20	1	-1	20
NS15993T	23	60	1	-1	60
NS15993T	28	120	1	-1	120
NS15993T	29	9	1	-1	9
NS15999A	21	82	2	-1	18
NS16015Q	21	-8	-8	-1	-1
NS16020E	28	310	2	-1	71
NS16024J	21	120	4	5	27
NS16024J	22	110	4	5	25
NS16054S	1	170	4	3	56
NS16054S	28	100	1	-1	100
NS16054S	29	0	-8	-1	-8
NS16057W	21	20	1	-1	20
NS16057W	22	70	1	-1	70
NS16057W	23	60	1	-1	60
NS16057W	28	-8	-8	-1	-1
NS16080X	21	190	2	-1	43
NS16080X	23	150	1	-1	150
NS16091S	22	50	2	-1	11
NS16099B	1	300	1	-1	300
NS16099B	7	400	2	-1	92
NS16099B	21	20	1	-1	20
NS16099B	23	60	1	-1	60
NS16099B	28	400	2	-1	92
NS16099B	29	20	2	-1	4
NS16105Y	21	80	2	-1	18
NS16105Y	23	20	1	-1	20
NS16111N	21	45	1	-1	45
NS16111N	23	45	1	-1	45
NS16111N	28	200	4	2	100
NS16111N	29	40	2	-1	9
NS16114R	3	221	4	2	110
NS16114R	4	221	4	2	110
NS16114R	7	179	2	-1	41
NS16114R	28	172	1	-1	172
NS16114R	29	72	2	-1	16
NS16114R	30	-8	-8	-1	-1
NS16129R	4	443	2	-1	102
NS16129R	7	174	2	-1	40
NS16136H	22	119	2	-1	27
NS16138K	21	82	4	4	20
NS16145B	21	80	2	-1	18
NS16146C	21	-8	2	-1	-1
NS16169V	7	220	2	-1	50
NS16180Z	21	33	1	-1	33
NS16184D	21	160	4	4	40
NS16184D	23	240	1	-1	240
NS16184D	28	390	2	-1	90
NS16184D	29	-8	-8	-1	-1
NS16185E	6	52	1	-1	52
NS16185E	21	20	1	-1	20
NS16185E	23	62	1	-1	62
NS16211Q	2	230	4	2	115
NS16211Q	21	22	4	1	22
NS16211Q	23	115	4	1	115
NS16211Q	28	361	2	-1	83
NS16211Q	29	800	4	12	15
NS16225P	2	-9	-9	-1	-1
NS16225P	21	33	1	-1	33
NS16225P	23	-9	1	-1	-1
NS16225P	28	-9	-9	-1	-1
NS16225P	29	-9	-9	-1	-1
NS16237L	21	84	2	-1	19
NS16250S	21	80	4	5	18
NS16250S	22	200	4	1	200
NS16250S	23	0	1	-1	0
NS16250S	28	0	1	-1	0
NS16254X	29	66	2	-1	15
NS16265S	21	138	4	5	31
NS16266T	21	82	2	-1	18
NS16270G	21	85	2	-1	19
NS16270G	23	-8	2	-1	-1
NS16277P	7	20	2	-1	4
NS16287J	7	300	2	-1	69
NS16289L	21	80	2	-1	18
NS16289L	22	-8	-8	-1	-1
NS16289L	23	-8	-8	-1	-1
NS16297D	1	-8	-8	-1	-1
NS16297D	4	-8	-8	-1	-1
NS16297D	7	-8	-8	-1	-1
NS16297D	28	-8	-8	-1	-1
NS16297D	29	-8	4	3	-1
NS16313V	21	21	1	-1	21
NS16313V	23	60	1	-1	60
NS16316Y	4	179	4	2	89
NS16316Y	21	135	4	4	33
NS16316Y	23	486	4	4	121
NS16316Y	28	500	4	4	125
NS16316Y	29	40	4	4	10
NS16345F	21	132	2	-1	30
NS16352X	21	80	2	-1	18
NS16354Z	1	-9	-9	-1	-1
NS16374N	21	82	2	-1	18
NS16374N	22	176	1	-1	176
NS16374N	23	0	-8	-1	-8
NS16379T	21	80	2	-1	18
NS16379T	22	20	1	-1	20
NS16379T	23	40	1	-1	40
NS16379T	28	340	2	-1	78
NS16383G	21	140	4	4	35
NS16394C	21	20	2	-1	4
NS16396E	21	80	2	-1	18
NS16423R	21	32	1	-1	32
NS16423R	23	59	1	-1	59
NS16431J	21	34	4	1	34
NS16432K	21	-8	-8	-1	-1
NS16432K	22	-8	-8	-1	-1
NS16432K	28	-8	-8	-1	-1
NS16432K	29	-8	-8	-1	-1
NS16440C	23	80	2	-1	18
NS16444G	21	80	1	-1	80
NS16444G	22	40	1	-1	40
NS16444G	23	80	1	-1	80
NS16448L	28	65	1	-1	65
NS16448L	29	0	2	-1	0
NS16449M	21	170	4	14	-8
NS16469B	21	132	4	4	33
NS16469B	22	1000	4	4	250
NS16469B	23	132	4	4	33
NS16470L	4	800	2	-1	184
NS16470L	7	0	3	-1	0
NS16470L	28	-8	-8	-1	-1
NS16470L	29	900	3	-1	17
NS16485L	1	-9	-9	-1	-1
NS16496G	21	82	4	5	18
NS16496G	22	74	4	1	74
NS16496G	23	58	4	1	58
NS16496G	28	48	4	1	48
NS16496G	29	15	4	5	3
NS16506H	2	-8	-8	-1	-1
NS16506H	6	-8	-8	-1	-1
NS16506H	7	-8	-8	-1	-1
NS16506H	28	-8	-8	-1	-1
NS16518E	21	80	2	-1	18
NS16527Y	1	74	1	-1	74
NS16546L	21	80	2	-1	18
NS16546L	22	3	1	-1	3
NS16546L	23	65	1	-1	65
NS16547M	21	20	4	1	20
NS16548N	22	17	1	-1	17
NS16553C	18	122	2	-1	28
NS16562W	2	700	2	-1	161
NS16562W	4	200	2	-1	46
NS16562W	21	150	2	-1	34
NS16562W	23	90	2	-1	20
NS16562W	28	350	2	-1	80
NS16562W	29	200	2	-1	46
NS16579Y	2	-9	-9	-1	-1
NS16579Y	21	-9	-9	-1	-1
NS16579Y	22	-9	-9	-1	-1
NS16579Y	23	-9	-9	-1	-1
NS16582K	21	80	2	-1	18
NS16592E	21	82	2	-1	18
NS16592E	22	100	1	-1	100
NS16592E	23	45	1	-1	45
NS16595H	21	21	1	-1	21
NS16595H	22	82	1	-1	82
NS16595H	23	63	1	-1	63
NS16599M	7	230	2	-1	53
NS16599M	21	135	2	-1	31
NS16599M	23	12	1	-1	12
NS16602F	4	140	4	2	70
NS16602F	21	20	1	-1	20
NS16602F	23	60	1	-1	60
NS16610Y	2	142	4	2	71
NS16610Y	21	20	1	-1	20
NS16610Y	23	60	1	-1	60
NS16610Y	28	144	2	-1	33
NS16610Y	29	-8	-8	-1	-1
NS16620S	21	80	2	-1	18
NS16620S	23	230	2	-1	53
NS16620S	28	0	4	15	-8
NS16620S	29	0	4	15	-8
NS16628B	1	146	4	2	73
NS16635S	21	32	1	-1	32
NS16643K	21	-8	-8	-1	-1
NS16643K	22	-8	-8	-1	-1
NS16643K	23	-8	-8	-1	-1
NS16643K	28	-9	-9	-1	-1
NS16658K	2	252	4	2	126
NS16658K	6	52	1	-1	52
NS16658K	7	416	4	4	104
NS16658K	21	20	1	-1	20
NS16658K	23	148	4	1	148
NS16658K	28	142	1	-1	142
NS16658K	29	90	2	-1	20
NS16661X	2	148	4	2	74
NS16661X	21	20	1	-1	20
NS16661X	23	62	1	-1	62
NS16661X	28	240	4	2	120
NS16661X	29	-8	4	15	-1
NS16672S	21	20	1	-1	20
NS16672S	22	150	1	-1	150
NS16672S	23	150	4	1	150
NS16673T	21	20	1	-1	20
NS16673T	23	-8	-8	-1	-1
NS16676X	21	83	2	-1	19
NS16680K	21	-9	-9	-1	-1
NS16680K	22	-9	-9	-1	-1
NS16680K	23	-9	-9	-1	-1
NS16709Q	2	1	-8	-1	-8
NS16709Q	21	-8	-8	-1	-1
NS16709Q	23	-8	-8	-1	-1
NS16709Q	28	-8	-8	-1	-1
NS16709Q	29	-8	-8	-1	-1
NS16712C	21	-8	-8	-1	-1
NS16712C	23	-9	-9	-1	-1
NS16716G	2	140	4	2	70
NS16716G	21	21	1	-1	21
NS16720V	21	20	1	-1	20
NS16723Y	21	23	1	-1	23
NS16723Y	23	100	1	-1	100
NS16727C	21	20	1	-1	20
NS16729E	2	-8	-8	-1	-1
NS16729E	4	-8	-8	-1	-1
NS16729E	7	77	1	-1	77
NS16729E	28	121	1	-1	121
NS16736W	21	80	4	4	20
NS16741K	2	46	1	-1	46
NS16741K	30	60	1	-1	60
NS16747R	2	107	4	2	53
NS16747R	21	21	1	-1	21
NS16747R	23	64	1	-1	64
NS16747R	28	93	1	-1	93
NS16747R	29	-8	-8	-1	-1
NS16756K	21	82	2	-1	18
NS16756K	23	190	2	-1	43
NS16765D	21	47	1	-1	47
NS16765D	23	210	1	-1	210
NS16774X	1	146	4	2	73
NS16780M	21	80	4	4	20
NS16780M	22	67	4	2	33
NS16780M	23	-8	-8	-1	-1
NS16804M	21	136	2	-1	31
NS16831S	21	20	1	-1	20
NS16838A	2	130	4	2	65
NS16838A	21	20	4	1	20
NS16838A	23	60	4	1	60
NS16838A	28	495	2	-1	114
NS16838A	29	-8	-8	-1	-1
NS16846S	21	400	4	4	100
NS16846S	22	49	1	-1	49
NS16846S	23	286	4	1	286
NS16846S	28	45	4	1	45
NS16846S	29	20	4	1	20
NS16864E	21	80	4	4	20
NS16873Y	21	82	2	-1	18
NS16884T	21	80	4	4	20
NS16888Y	21	20	4	1	20
NS16888Y	22	43	4	1	43
NS16888Y	23	45	4	1	45
NS16888Y	28	297	4	4	74
NS16888Y	29	-8	-8	-1	-1
NS16895P	21	30	1	-1	30
NS16895P	23	400	2	-1	92
NS16899T	21	34	1	-1	34
NS16899T	23	10	1	-1	10
NS16904P	21	82	2	-1	18
NS16904P	22	30	1	-1	30
NS16904P	23	54	1	-1	54
NS16904P	28	139	4	2	69
NS16904P	29	0	-8	-1	-8
NS16911F	1	136	2	-1	31
NS16911F	2	0	2	-1	0
NS16911F	21	467	4	4	116
NS16911F	28	104	4	2	52
NS16911F	29	36	2	-1	8
NS16914J	21	82	2	-1	18
NS16914J	25	279	2	-1	64
NS16925E	21	20	1	-1	20
NS16925E	22	60	1	-1	60
NS16925E	23	60	1	-1	60
NS16925E	28	75	1	-1	75
NS16925E	29	460	4	12	8
NS16944S	28	54	1	-1	54
NS16950H	21	30	4	2	15
NS16988A	1	50	1	-1	50
NS16990L	21	20	1	-1	20
NS16990L	28	428	2	-1	98
NS16990L	29	-8	-8	-1	-1
NS17015L	21	50	1	-1	50
NS17015L	23	160	1	-1	160
NS17017N	21	132	4	4	33
NS17037C	21	82	2	-1	18
NS17042R	21	20	1	-1	20
NS17063G	21	20	1	-1	20
NS17072A	21	80	2	-1	18
NS17072A	22	-9	2	-1	-1
NS17072A	23	-9	2	-1	-1
NS17080S	21	30	4	1	30
NS17087A	21	20	1	-1	20
NS17104S	21	100	2	-1	23
NS17105T	21	40	1	-1	40
NS17112K	21	137	1	-1	137
NS17112K	23	237	1	-1	237
NS17118R	4	230	4	2	115
NS17118R	7	329	2	-1	75
NS17118R	28	650	2	-1	150
NS17118R	29	900	3	-1	17
NS17119S	21	20	1	-1	20
NS17119S	22	50	1	-1	50
NS17119S	23	40	1	-1	40
NS17119S	28	45	1	-1	45
NS17120C	21	82	4	4	20
NS17125H	4	280	2	-1	64
NS17133A	21	80	2	-1	18
NS17133A	22	70	1	-1	70
NS17133A	23	50	1	-1	50
NS17133A	28	-8	-8	-1	-1
NS17135C	1	250	2	-1	57
NS17139G	21	80	1	-1	80
NS17164K	21	82	4	4	20
NS17164K	22	-8	4	4	-1
NS17164K	23	-8	4	4	-1
NS17166M	30	400	2	-1	92
NS17167N	21	-8	1	-1	-1
NS17167N	22	27	1	-1	27
NS17167N	23	27	1	-1	27
NS17170A	1	-8	-8	-1	-1
NS17170A	7	-9	4	4	-1
NS17190P	2	103	4	2	51
NS17190P	21	80	2	-1	18
NS17190P	28	83	1	-1	83
NS17190P	29	-8	-8	-1	-1
NS17197X	21	30	1	-1	30
NS17197X	22	80	1	-1	80
NS17197X	23	12	4	1	12
NS17212M	21	130	2	-1	30
NS17218T	21	82	2	-1	18
NS17218T	23	220	2	-1	50
NS17218T	28	400	2	-1	92
NS17218T	29	210	3	-1	4
NS17225K	21	86	2	-1	19
NS17226L	21	34	1	-1	34
NS17227M	21	48	1	-1	48
NS17227M	23	230	1	-1	230
NS17231A	21	-9	-9	-1	-1
NS17231A	28	-9	-9	-1	-1
NS17233C	21	83	4	4	20
NS17234D	4	-8	-8	-1	-1
NS17234D	7	-8	-8	-1	-1
NS17234D	21	-9	-9	-1	-1
NS17234D	28	-8	-8	-1	-1
NS17239J	21	80	2	-1	18
NS17239J	22	-9	1	-1	-1
NS17239J	23	-9	-9	-1	-1
NS17241V	4	135	4	2	67
NS17241V	7	200	4	4	50
NS17246A	18	300	2	-1	69
NS17256V	21	34	1	-1	34
NS17256V	22	80	1	-1	80
NS17256V	23	-8	-8	-1	-1
NS17270C	21	82	2	-1	18
NS17303W	21	82	2	-1	18
NS17305Y	21	138	2	-1	31
NS17305Y	22	60	1	-1	60
NS17305Y	23	110	1	-1	110
NS17306Z	21	34	1	-1	34
NS17314R	21	130	2	-1	30
NS17314R	23	62	1	-1	62
NS17344A	21	137	2	-1	31
NS17344A	23	103	1	-1	103
NS17355W	2	100	2	-1	23
NS17355W	21	30	1	-1	30
NS17355W	23	112	1	-1	112
NS17355W	28	123	1	-1	123
NS17355W	29	-8	2	-1	-1
NS17360K	2	123	4	2	61
NS17360K	21	33	1	-1	33
NS17360K	23	0	-8	-1	-8
NS17360K	28	1100	2	-1	254
NS17360K	29	11	1	-1	11
NS17369V	1	112	4	2	56
NS17384D	18	170	2	-1	39
NS17390T	23	50	1	-1	50
NS17408D	1	70	1	-1	70
NS17425P	21	21	1	-1	21
NS17425P	22	100	1	-1	100
NS17425P	23	0	1	-1	0
NS17425P	28	700	2	-1	161
NS17426Q	1	-9	-9	-1	-1
NS17431E	21	-9	-9	-1	-1
NS17439N	21	20	1	-1	20
NS17440Y	21	20	1	-1	20
NS17440Y	22	35	1	-1	35
NS17440Y	28	60	2	-1	13
NS17454X	2	50	4	12	0
NS17454X	21	35	4	1	35
NS17454X	23	100	1	-1	100
NS17454X	28	140	1	-1	140
NS17454X	29	900	4	12	17
NS17459C	21	80	4	4	20
NS17463Q	2	174	4	2	87
NS17463Q	6	62	1	-1	62
NS17463Q	21	75	1	-1	75
NS17463Q	23	326	1	-1	326
NS17463Q	28	165	1	-1	165
NS17463Q	29	92	2	-1	21
NS17472J	21	137	2	-1	31
NS17489L	1	200	4	2	100
NS17489L	28	100	4	5	23
NS17489L	29	600	4	9	115
NS17496C	21	80	2	-1	18
NS17502Z	21	80	2	-1	18
NS17506D	21	82	2	-1	18
NS17512T	21	82	4	4	20
NS17536M	21	81	4	4	20
NS17536M	22	250	4	4	62
NS17536M	23	270	4	4	67
NS17536M	28	52	4	2	26
NS17551W	18	-8	-8	-1	-1
NS17579T	4	240	4	2	120
NS17583G	21	-9	-9	-1	-1
NS17593B	21	34	1	-1	34
NS17609J	21	40	1	-1	40
NS17622Q	22	0	2	-1	0
NS17622Q	23	0	-8	-1	-8
NS17640C	21	80	2	-1	18
NS17640C	23	40	4	1	40
NS17644G	21	80	2	-1	18
NS17663V	21	80	2	-1	18
NS17665X	2	220	4	2	110
NS17665X	3	-8	-8	-1	-1
NS17665X	4	-8	-8	-1	-1
NS17665X	7	-8	-8	-1	-1
NS17687N	21	20	1	-1	20
NS17687N	22	60	1	-1	60
NS17687N	23	30	1	-1	30
NS17688P	18	1300	3	-1	25
NS17699K	21	82	4	5	18
NS17707J	21	137	2	-1	31
NS17721R	4	180	4	2	90
NS17721R	6	248	2	-1	57
NS17721R	21	240	2	-1	55
NS17732M	21	22	1	-1	22
NS17732M	22	50	1	-1	50
NS17732M	23	-8	-8	-1	-1
NS17736R	21	137	4	4	34
NS17736R	22	33	1	-1	33
NS17736R	23	116	1	-1	116
NS17736R	28	95	4	2	47
NS17736R	29	1	1	-1	1
NS17742G	21	20	1	-1	20
NS17742G	23	50	1	-1	50
NS17746L	21	-9	-9	-1	-1
NS17746L	22	-9	-9	-1	-1
NS17746L	23	-9	-9	-1	-1
NS17762W	21	-9	-9	-1	-1
NS17784M	21	80	2	-1	18
NS17784M	22	400	2	-1	92
NS17784M	23	50	2	-1	11
NS17784M	28	140	1	-1	140
NS17784M	29	100	2	-1	23
NS17798L	1	144	4	2	72
NS17798L	21	80	2	-1	18
NS17798L	23	64	4	1	64
NS17798L	28	344	2	-1	79
NS17798L	29	-8	-8	-1	-1
NS17803G	21	33	1	-1	33
NS17805J	21	20	1	-1	20
NS17809N	1	146	4	2	73
NS17809N	21	20	1	-1	20
NS17809N	23	240	2	-1	55
NS17809N	28	113	1	-1	113
NS17809N	29	-8	-8	-1	-1
NS17812A	4	-8	-8	-1	-1
NS17823W	21	80	2	-1	18
NS17823W	23	-8	2	-1	-1
NS17824X	21	192	4	4	48
NS17824X	23	500	4	4	125
NS17830M	2	0	1	-1	0
NS17830M	21	82	2	-1	18
NS17830M	22	6	1	-1	6
NS17830M	23	60	1	-1	60
NS17830M	28	550	2	-1	127
NS17837V	22	222	2	-1	51
NS17848Q	21	134	4	4	33
NS17863Z	21	137	2	-1	31
NS17868E	21	-8	-8	-1	-1
NS17868E	22	-8	1	-1	-1
NS17868E	23	-8	1	-1	-1
NS17874V	21	120	4	4	30
NS17875W	21	78	2	-1	18
NS17901G	21	83	2	-1	19
NS17929E	29	0	-8	-1	-8
NS17930P	21	80	2	-1	18
NS17930P	23	63	1	-1	63
NS17930P	28	-8	-8	-1	-1
NS17930P	29	-8	-8	-1	-1
NS17931Q	4	126	4	2	63
NS17931Q	21	48	1	-1	48
NS17931Q	23	167	1	-1	167
NS17931Q	28	380	2	-1	87
NS17931Q	29	-8	-8	-1	-1
NS17942L	21	80	4	4	20
NS17958M	21	80	2	-1	18
NS17965D	4	404	2	-1	93
NS17965D	7	300	2	-1	69
NS17965D	21	80	2	-1	18
NS17965D	23	200	2	-1	46
NS17965D	28	142	2	-1	32
NS17965D	29	143	2	-1	33
NS17980M	21	136	2	-1	31
NS17982P	7	400	4	4	100
NS17986T	14	-8	-8	-1	-1
NS17995M	21	48	1	-1	48
NS17998Q	21	-8	-8	-1	-1
NS18011C	21	82	2	-1	18
NS18012D	21	80	2	-1	18
NS18016H	21	61	1	-1	61
NS18016H	23	61	1	-1	61
NS18017J	21	137	2	-1	31
NS18019L	21	15	1	-1	15
NS18023Z	4	250	4	2	125
NS18055K	1	75	1	-1	75
NS18055K	21	20	1	-1	20
NS18055K	28	50	-8	-1	-8
NS18055K	29	20	2	-1	4
NS18056L	21	34	4	1	34
NS18056L	22	13	4	1	13
NS18056L	23	117	1	-1	117
NS18056L	28	46	4	2	23
NS18067G	21	137	2	-1	31
NS18067G	22	200	2	-1	46
NS18067G	23	358	2	-1	82
NS18071V	21	80	2	-1	18
NS18073X	2	170	4	2	85
NS18073X	21	170	4	2	85
NS18073X	28	0	-9	-1	-8
NS18073X	29	0	4	2	0
NS18093L	21	82	2	-1	18
NS18117L	21	82	2	-1	18
NS18143Q	21	88	2	-1	20
NS18143Q	22	193	4	4	48
NS18143Q	23	82	2	-1	18
NS18158Q	21	188	2	-1	43
NS18179F	1	-8	-8	-1	-1
NS18204Q	4	250	4	2	125
NS18214K	21	48	1	-1	48
NS18214K	23	110	1	-1	110
NS18214K	28	170	4	1	170
NS18214K	29	16	1	-1	16
NS18230V	21	134	2	-1	30
NS18230V	22	47	1	-1	47
NS18230V	23	112	1	-1	112
NS18233Y	21	80	4	4	20
NS18239E	21	80	2	-1	18
NS18253M	21	130	2	-1	30
NS18258S	4	242	4	2	121
NS18258S	21	48	1	-1	48
NS18258S	23	170	4	1	170
NS18258S	28	-8	-8	-1	-1
NS18258S	29	-8	-8	-1	-1
NS18272A	21	130	2	-1	30
NS18272A	23	71	1	-1	71
NS18273B	28	15	4	2	7
NS18273B	29	20	4	2	10
NS18274C	21	40	1	-1	40
NS18274C	22	160	1	-1	160
NS18274C	28	640	2	-1	147
NS18274C	29	100	2	-1	23
NS18304S	4	287	4	2	143
NS18311J	22	200	2	-1	46
NS18330X	21	-9	-9	-1	-1
NS18330X	22	-9	-9	-1	-1
NS18330X	23	-9	-9	-1	-1
NS18330X	28	-8	-8	-1	-1
NS18330X	29	-8	-8	-1	-1
NS18352N	21	-8	-8	-1	-1
NS18352N	23	-9	-8	-1	-1
NS18354Q	21	82	4	4	20
NS18354Q	23	61	1	-1	61
NS18367N	21	82	4	4	20
NS18403T	21	20	1	-1	20
NS18403T	23	130	1	-1	130
NS18406X	21	50	1	-1	50
NS18410K	21	120	4	4	30
NS18418T	21	123	4	4	30
NS18422G	21	33	4	1	33
NS18422G	22	39	4	1	39
NS18422G	23	30	4	1	30
NS18433C	28	35	1	-1	35
NS18459Y	21	61	1	-1	61
NS18459Y	22	-8	-8	-1	-1
NS18459Y	23	168	1	-1	168
NS18459Y	28	-9	-8	-1	-1
NS18459Y	29	-9	-8	-1	-1
NS18469S	1	143	4	2	71
NS18484B	21	33	1	-1	33
NS18484B	22	17	1	-1	17
NS18484B	23	117	1	-1	117
NS18484B	28	25	1	-1	25
NS18484B	29	40	3	-1	0
NS18490R	2	80	2	-1	18
NS18490R	21	80	2	-1	18
NS18490R	23	60	1	-1	60
NS18530B	4	374	4	2	187
NS18530B	7	416	4	4	104
NS18530B	28	371	4	4	92
NS18553T	2	130	4	2	65
NS18553T	21	34	1	-1	34
NS18553T	23	118	1	-1	118
NS18562M	21	-8	-8	-1	-1
NS18573H	21	83	2	-1	19
NS18584D	3	0	-8	-1	-8
NS18584D	5	0	4	4	0
NS18584D	6	-8	4	5	-1
NS18584D	7	0	-8	-1	-8
NS18584D	9	0	-8	-1	-8
NS18599D	1	140	4	2	70
NS18599D	28	-8	-8	-1	-1
NS18601W	7	-8	2	-1	-1
NS18604Z	21	40	4	2	20
NS18615V	4	180	4	2	90
NS18615V	28	380	2	-1	87
NS18615V	29	16	2	-1	3
NS18620J	4	0	-8	-1	-8
NS18620J	12	0	-8	-1	-8
NS18630D	4	250	4	2	125
NS18630D	28	390	2	-1	90
NS18631E	21	81	4	4	20
NS18631E	23	81	2	-1	18
NS18647F	1	-8	-8	-1	-1
NS18647F	4	-8	-8	-1	-1
NS18660M	4	240	4	2	120
NS18664R	21	135	4	4	33
NS18673K	21	80	2	-1	18
NS18680B	21	-9	-9	-1	-1
NS18689L	2	100	4	2	50
NS18689L	21	137	4	5	31
NS18689L	23	420	4	4	105
NS18692Y	29	30	2	-1	6
NS18695B	21	82	4	4	20
NS18695B	23	52	1	-1	52
NS18695B	28	310	2	-1	71
NS18695B	29	0	4	15	-8
NS18698E	21	180	4	5	41
NS18719B	2	120	2	-1	27
NS18722N	21	82	2	-1	18
NS18722N	22	92	1	-1	92
NS18722N	23	60	1	-1	60
NS18722N	28	300	4	2	150
NS18725R	21	80	2	-1	18
NS18735L	7	21	1	-1	21
NS18735L	21	20	1	-1	20
NS18735L	23	63	1	-1	63
NS18735L	28	83	1	-1	83
NS18735L	29	900	3	-1	17
NS18741B	21	80	2	-1	18
NS18765V	1	143	4	2	71
NS18771K	21	134	4	4	33
NS18771K	22	117	1	-1	117
NS18771K	23	200	1	-1	200
NS18774N	4	250	4	2	125
NS18774N	7	400	4	5	92
NS18774N	28	360	4	5	83
NS18774N	29	12	4	1	12
NS18784H	21	136	4	4	34
NS18784H	22	61	4	1	61
NS18784H	23	117	1	-1	117
NS18784H	28	180	4	1	180
NS18787L	2	-8	-8	-1	-1
NS18787L	21	-8	-8	-1	-1
NS18787L	23	-8	-8	-1	-1
NS18787L	28	-8	-8	-1	-1
NS18808H	21	-9	-9	-1	-1
NS18830H	21	80	2	-1	18
NS18830H	22	97	1	-1	97
NS18830H	23	67	1	-1	67
NS18830H	28	90	4	2	45
NS18843F	29	50	2	-1	11
NS18844G	21	82	4	4	20
NS18849M	21	80	2	-1	18
NS18849M	23	43	2	-1	9
NS18852Z	21	136	4	4	34
NS18868A	21	80	2	-1	18
NS18888P	21	120	4	4	30
NS18888P	23	110	1	-1	110
NS18888P	28	86	4	1	86
NS18888P	29	86	1	-1	86
NS18889Q	21	186	2	-1	42
NS18893D	2	61	1	-1	61
NS18893D	21	198	2	-1	45
NS18893D	23	165	2	-1	38
NS18894E	21	20	1	-1	20
NS18894E	23	20	1	-1	20
NS18905G	21	119	1	-1	119
NS18905G	23	63	1	-1	63
NS18905G	28	100	1	-1	100
NS18905G	29	-8	1	-1	-1
NS18907J	21	60	1	-1	60
NS18907J	23	20	1	-1	20
NS18910W	4	225	4	2	112
NS18910W	7	174	2	-1	40
NS18921R	21	20	2	-1	4
NS18921R	28	500	2	-1	115
NS18934P	21	21	1	-1	21
NS18934P	28	88	1	-1	88
NS18934P	29	61	1	-1	61
NS18936R	21	200	4	5	46
NS18936R	22	10	4	1	10
NS18936R	23	168	4	1	168
NS18936R	28	40	4	1	40
NS18980H	6	62	4	1	62
NS18980H	7	104	4	1	104
NS18980H	21	21	4	1	21
NS18980H	23	134	4	1	134
NS18982K	21	80	4	4	20
NS18982K	22	60	4	1	60
NS18982K	23	60	4	1	60
NS18982K	28	30	4	1	30
NS18987Q	1	50	1	-1	50
NS19010X	21	137	4	4	34
NS19010X	23	20	1	-1	20
NS19033P	21	33	1	-1	33
NS19033P	28	73	1	-1	73
NS19033P	29	0	1	-1	0
NS19038V	21	20	1	-1	20
NS19038V	22	47	1	-1	47
NS19038V	23	60	1	-1	60
NS19046M	21	132	2	-1	30
NS19056G	21	138	4	4	34
NS19082L	1	75	1	-1	75
NS19085P	28	28	1	-1	28
NS19085P	29	40	2	-1	9
NS19096K	21	30	1	-1	30
NS19096K	23	50	1	-1	50
NS19104J	21	20	4	1	20
NS19109P	14	10	2	-1	2
NS19111A	14	-8	-8	-1	-1
NS19111A	18	-8	-8	-1	-1
NS19111A	21	-8	-8	-1	-1
NS19115E	4	175	4	2	87
NS19115E	28	330	2	-1	76
NS19115E	29	-8	-8	-1	-1
NS19127B	21	20	1	-1	20
NS19140H	21	34	1	-1	34
NS19140H	22	-9	-9	-1	-1
NS19140H	23	-9	-9	-1	-1
NS19152E	28	400	4	5	92
NS19152E	29	89	4	5	20
NS19157K	21	82	2	-1	18
NS19159M	21	82	4	4	20
NS19164B	21	80	2	-1	18
NS19181M	21	20	1	-1	20
NS19181M	22	60	1	-1	60
NS19196M	21	162	2	-1	37
NS19196M	22	114	1	-1	114
NS19221X	21	81	4	4	20
NS19226C	21	330	4	4	82
NS19226C	23	180	4	4	45
NS19228E	7	-8	-8	-1	-1
NS19231R	22	224	4	4	56
NS19257M	21	20	1	-1	20
NS19262B	2	-8	-8	-1	-1
NS19262B	4	200	4	2	100
NS19262B	7	280	2	-1	64
NS19267G	21	20	1	-1	20
NS19267G	22	0	1	-1	0
NS19267G	23	140	1	-1	140
NS19268H	7	22	1	-1	22
NS19274Y	4	343	4	2	171
NS19274Y	28	501	2	-1	115
NS19274Y	29	-8	-8	-1	-1
NS19288X	21	82	2	-1	18
NS19291J	21	192	4	4	48
NS19291J	22	1450	4	4	362
NS19291J	23	0	4	4	0
NS19291J	28	450	2	-1	103
NS19291J	29	1150	3	-1	22
NS19297Q	1	229	2	-1	52
NS19297Q	4	229	2	-1	52
NS19309T	2	20	1	-1	20
NS19309T	21	20	1	-1	20
NS19309T	28	390	2	-1	90
NS19309T	29	80	2	-1	18
NS19311E	21	120	4	4	30
NS19317L	21	137	2	-1	31
NS19341N	1	54	1	-1	54
NS19341N	28	85	1	-1	85
NS19341N	29	-8	-8	-1	-1
NS19345S	2	117	4	2	58
NS19345S	21	21	1	-1	21
NS19345S	23	64	1	-1	64
NS19348W	21	80	4	5	18
NS19348W	23	255	4	5	58
NS19362D	21	-8	-8	-1	-1
NS19362D	22	-8	-8	-1	-1
NS19362D	23	-8	-8	-1	-1
NS19362D	28	-8	-8	-1	-1
NS19362D	29	-8	-8	-1	-1
NS19372Y	21	80	2	-1	18
NS19375B	22	60	4	5	13
NS19383T	21	50	2	-1	11
NS19394P	21	82	2	-1	18
NS19394P	23	49	1	-1	49
NS19408V	21	20	1	-1	20
NS19408V	23	54	1	-1	54
NS19408V	28	340	2	-1	78
NS19408V	29	60	2	-1	13
NS19419Q	4	120	2	-1	27
NS19419Q	21	33	1	-1	33
NS19419Q	23	110	1	-1	110
NS19419Q	28	71	1	-1	71
NS19419Q	29	1	-8	-1	-8
NS19422C	21	55	4	3	18
NS19422C	23	105	4	1	105
NS19422C	28	195	4	2	97
NS19422C	29	500	4	12	9
NS19425F	7	55	1	-1	55
NS19425F	21	-8	-8	-1	-1
NS19433Y	4	229	2	-1	52
NS19433Y	21	34	1	-1	34
NS19433Y	23	120	1	-1	120
NS19433Y	28	94	1	-1	94
NS19433Y	29	100	3	-1	1
NS19445V	4	264	4	2	132
NS19445V	28	78	1	-1	78
NS19445V	29	100	2	-1	23
NS19453M	29	19	2	-1	4
NS19454N	21	83	2	-1	19
NS19458S	1	130	4	2	65
NS19458S	4	120	4	2	60
NS19475D	21	83	2	-1	19
NS19476E	23	80	2	-1	18
NS19478G	21	20	4	1	20
NS19478G	22	150	4	1	150
NS19478G	23	150	4	1	150
NS19479H	28	240	2	-1	55
NS19483W	21	198	2	-1	45
NS19486Z	21	60	1	-1	60
NS19486Z	22	35	1	-1	35
NS19486Z	23	300	1	-1	300
NS19486Z	28	0	-8	-1	-8
NS19486Z	29	-8	4	1	-1
NS19487A	21	192	4	4	48
NS19487A	23	82	1	-1	82
NS19512K	1	145	4	2	72
NS19513L	4	337	4	2	168
NS19513L	7	307	2	-1	70
NS19513L	28	212	1	-1	212
NS19513L	29	-8	-8	-1	-1
NS19517Q	21	20	1	-1	20
NS19550L	4	180	4	2	90
NS19571B	21	20	1	-1	20
NS19571B	23	-8	-8	-1	-1
NS19571B	28	-8	-8	-1	-1
NS19571B	29	-8	-8	-1	-1
NS19578J	21	137	4	4	34
NS19578J	22	40	1	-1	40
NS19578J	23	75	1	-1	75
NS19580V	21	-9	-9	-1	-1
NS19586B	21	82	2	-1	18
NS19590P	2	122	4	2	61
NS19590P	21	34	1	-1	34
NS19590P	23	115	1	-1	115
NS19590P	28	90	1	-1	90
NS19590P	29	-8	-8	-1	-1
NS19591Q	21	20	4	1	20
NS19591Q	29	276	4	12	5
NS19598Y	21	33	1	-1	33
NS19598Y	22	12	1	-1	12
NS19598Y	23	-8	-8	-1	-1
NS19598Y	28	88	4	2	44
NS19599Z	2	-9	-9	-1	-1
NS19599Z	6	62	1	-1	62
NS19599Z	7	-9	-9	-1	-1
NS19599Z	21	-9	-9	-1	-1
NS19599Z	22	-9	-9	-1	-1
NS19599Z	23	-9	-9	-1	-1
NS19599Z	28	-9	-9	-1	-1
NS19599Z	29	-9	-9	-1	-1
NS19610K	28	129	4	2	64
NS19611L	21	-8	-8	-1	-1
NS19611L	22	-8	-8	-1	-1
NS19611L	23	-8	-8	-1	-1
NS19665N	21	20	1	-1	20
NS19666P	1	146	4	2	73
NS19684B	21	80	4	4	20
NS19688F	21	136	4	4	34
NS19688F	22	191	1	-1	191
NS19688F	23	0	1	-1	0
NS19689G	7	400	4	4	100
NS19691S	4	250	4	2	125
NS19695X	21	49	1	-1	49
NS19695X	22	0	1	-1	0
NS19695X	23	219	1	-1	219
NS19695X	28	75	4	2	37
NS19698A	2	450	4	2	225
NS19703W	21	80	2	-1	18
NS19703W	23	57	1	-1	57
NS19705Y	2	70	1	-1	70
NS19705Y	21	20	1	-1	20
NS19705Y	23	50	1	-1	50
NS19712P	4	140	4	2	70
NS19747D	21	20	1	-1	20
NS19747D	22	-9	-9	-1	-1
NS19747D	23	-9	-9	-1	-1
NS19780Z	21	20	1	-1	20
NS19780Z	22	96	2	-1	22
NS19780Z	23	74	2	-1	17
NS19780Z	28	96	1	-1	96
NS19780Z	29	0	1	-1	0
NS19790T	2	108	1	-1	108
NS19790T	21	20	1	-1	20
NS19790T	23	63	1	-1	63
NS19790T	28	-8	-8	-1	-1
NS19790T	29	-9	-9	-1	-1
NS19791V	21	80	2	-1	18
NS19791V	23	5	1	-1	5
NS19792W	2	4	4	2	2
NS19792W	21	73	2	-1	16
NS19792W	23	116	1	-1	116
NS19792W	28	0	1	-1	0
NS19792W	29	-8	-8	-1	-1
NS19799D	21	82	2	-1	18
NS19845D	21	136	2	-1	31
NS19845D	22	76	4	2	38
NS19845D	23	100	1	-1	100
NS19845D	28	60	1	-1	60
NS19845D	29	96	2	-1	22
NS19861N	21	34	1	-1	34
NS19864R	21	33	1	-1	33
NS19864R	22	95	1	-1	95
NS19864R	23	110	2	-1	25
NS19867V	7	305	2	-1	70
NS19874L	21	135	2	-1	31
NS19874L	23	23	1	-1	23
NS19876N	21	20	1	-1	20
NS19885G	21	20	1	-1	20
NS19885G	22	75	1	-1	75
NS19885G	23	60	1	-1	60
NS19887J	21	80	2	-1	18
NS19888K	2	140	4	2	70
NS19888K	21	80	2	-1	18
NS19888K	23	255	2	-1	58
NS19888K	28	82	1	-1	82
NS19888K	29	84	2	-1	19
NS19892Y	21	137	2	-1	31
NS19896C	21	-9	-8	-1	-1
NS19898E	21	80	2	-1	18
NS19922N	22	2	2	-1	0
NS19937N	21	-8	-8	-1	-1
NS19942C	21	140	4	4	35
NS19949K	2	90	1	-1	90
NS19949K	21	30	1	-1	30
NS19949K	23	100	1	-1	100
NS19958D	2	110	4	2	55
NS19958D	21	61	4	1	61
NS19958D	23	61	4	1	61
NS19958D	28	-8	-8	-1	-1
NS19958D	29	-8	-8	-1	-1
NS19970J	2	120	4	2	60
NS19970J	21	137	4	2	68
NS19970J	23	117	1	-1	117
NS19970J	28	300	4	2	150
NS19970J	29	70	4	5	16
NS19972L	2	-8	-8	-1	-1
NS19972L	3	-8	-8	-1	-1
NS19972L	5	-8	-8	-1	-1
NS19972L	7	-8	-8	-1	-1
NS19972L	28	-8	-8	-1	-1
NS19973M	21	105	2	-1	24
NS19975P	21	250	2	-1	57
NS19975P	22	200	2	-1	46
NS19975P	23	150	2	-1	34
NS19977R	2	126	4	2	63
NS19977R	21	33	1	-1	33
NS19977R	23	115	1	-1	115
NS19980D	7	300	2	-1	69
NS19982F	4	120	1	-1	120
NS19982F	7	100	4	1	100
NS19985J	22	220	2	-1	50
NS19987L	21	82	4	4	20
NS19987L	22	72	1	-1	72
NS19987L	23	72	1	-1	72
NS19989N	21	21	4	1	21
NS20004F	1	-8	-8	-1	-1
NS20004F	4	-8	-8	-1	-1
NS20004F	5	385	4	5	88
NS20004F	7	380	2	-1	87
NS20004F	21	20	4	1	20
NS20004F	23	138	4	5	31
NS20004F	28	475	4	5	109
NS20004F	29	-8	4	5	-1
NS20013Z	4	250	4	2	125
NS20021R	21	80	4	4	20
NS20030K	21	82	2	-1	18
NS20030K	23	52	1	-1	52
NS20036R	21	61	1	-1	61
NS20051A	2	62	4	2	31
NS20051A	21	34	1	-1	34
NS20051A	23	115	1	-1	115
NS20051A	28	-8	4	4	-1
NS20051A	29	-8	2	-1	-1
NS20067B	21	20	4	1	20
NS20067B	23	190	4	5	43
NS20085N	21	127	2	-1	29
NS20086P	2	-9	-9	-1	-1
NS20086P	21	-9	-9	-1	-1
NS20086P	23	-9	-9	-1	-1
NS20086P	28	-9	-9	-1	-1
NS20086P	29	-9	-9	-1	-1
NS20089S	2	146	4	2	73
NS20089S	21	20	1	-1	20
NS20089S	23	65	1	-1	65
NS20103G	21	20	1	-1	20
NS20105J	21	192	4	4	48
NS20105J	23	160	1	-1	160
NS20105J	28	160	4	2	80
NS20105J	29	-8	-8	-1	-1
NS20113B	21	34	4	1	34
NS20115D	21	132	2	-1	30
NS20115D	22	87	1	-1	87
NS20115D	23	-8	-8	-1	-1
NS20115D	28	300	4	4	75
NS20115D	29	-8	-8	-1	-1
NS20123W	28	356	2	-1	82
NS20123W	29	-8	-8	-1	-1
NS20124X	21	83	4	4	20
NS20148Q	4	337	4	2	168
NS20148Q	21	20	1	-1	20
NS20148Q	23	61	1	-1	61
NS20148Q	28	85	2	-1	19
NS20148Q	29	-8	-8	-1	-1
NS20153E	22	-9	-9	-1	-1
NS20153E	28	-9	-9	-1	-1
NS20153E	29	-9	-9	-1	-1
NS20155G	21	80	4	4	20
NS20163Z	21	35	1	-1	35
NS20163Z	23	-8	-8	-1	-1
NS20165B	21	33	1	-1	33
NS20165B	23	33	1	-1	33
NS20169F	21	82	4	4	20
NS20171R	21	69	1	-1	69
NS20171R	28	32	1	-1	32
NS20190E	21	82	2	-1	18
NS20195K	21	81	2	-1	18
NS20197M	1	190	4	2	95
NS20197M	21	60	1	-1	60
NS20197M	23	20	1	-1	20
NS20197M	28	480	2	-1	110
NS20197M	29	0	-8	-1	-8
NS20198N	21	-9	-8	-1	-1
NS20198N	23	-8	-8	-1	-1
NS20217H	21	20	1	-1	20
NS20217H	23	50	1	-1	50
NS20226B	7	58	4	4	14
NS20235V	1	130	4	2	65
NS20287V	21	130	2	-1	30
NS20287V	23	102	1	-1	102
NS20290G	21	30	1	-1	30
NS20290G	22	50	1	-1	50
NS20290G	23	70	1	-1	70
NS20290G	28	-8	-8	-1	-1
NS20291H	2	0	4	4	0
NS20291H	3	-8	4	4	-1
NS20291H	7	0	4	4	0
NS20297P	21	20	1	-1	20
NS20298Q	4	71	1	-1	71
NS20298Q	7	21	1	-1	21
NS20329G	21	106	2	-1	24
NS20339B	1	144	4	2	72
NS20341M	21	20	1	-1	20
NS20341M	22	65	1	-1	65
NS20341M	23	68	1	-1	68
NS20341M	28	796	2	-1	183
NS20350F	21	192	2	-1	44
NS20350F	22	56	1	-1	56
NS20350F	23	250	1	-1	250
NS20367H	21	82	2	-1	18
NS20367H	22	220	2	-1	50
NS20367H	23	220	2	-1	50
NS20379E	21	30	1	-1	30
NS20382R	1	142	4	2	71
NS20392L	21	136	4	4	34
NS20408T	2	-8	-8	-1	-1
NS20408T	21	-8	-8	-1	-1
NS20408T	23	-8	-8	-1	-1
NS20408T	28	-8	-8	-1	-1
NS20408T	29	-8	-8	-1	-1
NS20418N	21	20	1	-1	20
NS20418N	22	226	4	4	56
NS20418N	23	63	1	-1	63
NS20432W	21	170	1	-1	170
NS20432W	22	46	1	-1	46
NS20432W	23	170	1	-1	170
NS20443R	21	80	2	-1	18
NS20444S	21	32	4	1	32
NS20444S	23	40	4	1	40
NS20444S	30	-8	2	-1	-1
NS20449Y	21	137	2	-1	31
NS20449Y	23	40	1	-1	40
NS20463F	21	132	4	4	33
NS20463F	23	41	1	-1	41
NS20475C	4	73	4	1	73
NS20475C	21	21	4	1	21
NS20475C	23	57	4	1	57
NS20475C	28	73	4	1	73
NS20475C	29	-8	-8	-1	-1
NS20476D	21	137	4	4	34
NS20476D	23	350	4	4	87
NS20508W	21	80	4	4	20
NS20512J	28	81	1	-1	81
NS20512J	29	-8	-8	-1	-1
NS20512J	30	250	2	-1	57
NS20517P	21	20	1	-1	20
NS20517P	22	65	1	-1	65
NS20517P	23	59	1	-1	59
NS20517P	28	266	2	-1	61
NS20523E	3	104	4	1	104
NS20523E	4	300	4	4	75
NS20523E	30	0	-8	-1	-8
NS20526H	2	124	4	2	62
NS20526H	21	20	1	-1	20
NS20526H	23	64	1	-1	64
NS20526H	28	484	4	4	121
NS20526H	29	80	2	-1	18
NS20533Z	1	75	1	-1	75
NS20533Z	21	80	2	-1	18
NS20533Z	23	60	1	-1	60
NS20546X	21	198	2	-1	45
NS20549A	21	82	4	2	41
NS20549A	25	279	4	2	139
NS20550K	21	40	1	-1	40
NS20550K	22	217	4	1	217
NS20550K	23	0	4	1	0
NS20551L	3	400	4	4	100
NS20551L	5	400	4	4	100
NS20551L	6	400	4	4	100
NS20551L	8	100	1	-1	100
NS20551L	9	100	1	-1	100
NS20551L	10	100	1	-1	100
NS20551L	11	0	-8	-1	-8
NS20551L	12	0	-8	-1	-8
NS20551L	13	1	-8	-1	-8
NS20557S	21	82	2	-1	18
NS20558T	2	122	4	2	61
NS20558T	21	134	4	4	33
NS20558T	23	115	1	-1	115
NS20558T	28	365	4	4	91
NS20558T	29	87	2	-1	20
NS20559V	21	137	4	4	34
NS20559V	23	118	1	-1	118
NS20560E	2	140	4	2	70
NS20560E	21	130	2	-1	30
NS20560E	23	100	1	-1	100
NS20560E	28	400	2	-1	92
NS20560E	29	-8	-8	-1	-1
NS20573C	21	82	2	-1	18
NS20573C	22	0	2	-1	0
NS20573C	23	0	2	-1	0
NS20593R	22	250	2	-1	57
NS20599Y	21	137	2	-1	31
NS20599Y	23	114	2	-1	26
NS20599Y	28	488	2	-1	112
NS20599Y	29	20	2	-1	4
NS20603S	4	116	4	2	58
NS20603S	7	450	4	4	112
NS20603S	21	81	4	4	20
NS20603S	23	68	1	-1	68
NS20603S	28	150	4	2	75
NS20603S	29	85	2	-1	19
NS20604T	7	230	2	-1	53
NS20609Z	21	-8	-8	-1	-1
NS20611K	21	20	1	-1	20
NS20611K	22	55	1	-1	55
NS20611K	23	60	1	-1	60
NS20618S	21	82	4	5	18
NS20618S	23	25	4	1	25
NS20620D	21	82	2	-1	18
NS20629N	21	82	2	-1	18
NS20632A	21	170	2	-1	39
NS20632A	22	15	1	-1	15
NS20632A	23	130	1	-1	130
NS20634C	21	89	2	-1	20
NS20641T	21	80	2	-1	18
NS20641T	22	11	1	-1	11
NS20641T	23	258	2	-1	59
NS20644X	1	70	4	1	70
NS20650M	21	34	1	-1	34
NS20650M	22	167	1	-1	167
NS20650M	23	0	1	-1	0
NS20658W	21	118	4	4	29
NS20658W	22	93	1	-1	93
NS20658W	23	100	1	-1	100
NS20658W	28	468	4	4	117
NS20677J	1	146	4	2	73
NS20687D	23	80	2	-1	18
NS20694V	7	307	2	-1	70
NS20721G	21	137	2	-1	31
NS20721G	23	98	1	-1	98
NS20721G	27	187	2	-1	43
NS20721G	28	446	2	-1	103
NS20722H	2	61	1	-1	61
NS20750P	21	82	2	-1	18
NS20753S	21	20	1	-1	20
NS20754T	2	120	2	-1	27
NS20754T	3	90	4	2	45
NS20754T	4	100	4	2	50
NS20754T	7	400	2	-1	92
NS20754T	21	60	1	-1	60
NS20754T	23	50	1	-1	50
NS20754T	28	-8	-8	-1	-1
NS20754T	29	-8	-8	-1	-1
NS20779N	7	416	2	-1	96
NS20782A	21	139	2	-1	32
NS20782A	23	92	4	1	92
NS20784C	21	80	2	-1	18
NS20811P	21	150	2	-1	34
NS20811P	23	330	2	-1	76
NS20830C	21	32	1	-1	32
NS20830C	22	15	4	4	3
NS20830C	23	450	4	4	112
NS20832E	1	200	4	2	100
NS20832E	21	34	1	-1	34
NS20832E	23	114	1	-1	114
NS20832E	28	91	1	-1	91
NS20832E	29	80	2	-1	18
NS20849G	1	114	4	2	57
NS20849G	21	33	4	1	33
NS20849G	23	112	1	-1	112
NS20849G	28	0	-8	-1	-8
NS20849G	29	0	1	-1	0
NS20857Z	21	20	1	-1	20
NS20857Z	22	-8	3	-1	-1
NS20857Z	23	-8	-8	-1	-1
NS20859B	21	20	1	-1	20
NS20871G	2	120	4	2	60
NS20871G	21	33	1	-1	33
NS20871G	23	115	1	-1	115
NS20871G	28	443	4	2	221
NS20871G	29	-8	4	15	-1
NS20872H	21	192	4	4	48
NS20872H	23	53	1	-1	53
NS20875L	21	5	1	-1	5
NS20875L	23	5	1	-1	5
NS20883D	21	82	2	-1	18
NS20886G	7	80	2	-1	18
NS20892X	21	82	4	4	20
NS20892X	22	75	4	1	75
NS20892X	23	60	4	1	60
NS20899E	21	134	2	-1	30
NS20902Y	21	32	2	-1	7
NS20909F	1	140	4	2	70
NS20909F	28	94	1	-1	94
NS20909F	29	14	2	-1	3
NS20921L	21	-9	-9	-1	-1
NS20921L	22	-9	-9	-1	-1
NS20924P	21	-8	-8	-1	-1
NS20924P	22	-8	-8	-1	-1
NS20924P	23	-8	-8	-1	-1
NS20941A	21	-8	-8	-1	-1
NS20941A	23	-8	-8	-1	-1
NS20941A	25	139	1	-1	139
NS20948H	30	4000	3	-1	76
NS20954Y	4	180	4	2	90
NS20954Y	28	-8	-8	-1	-1
NS20954Y	29	-8	-8	-1	-1
NS20964S	2	250	2	-1	57
NS20964S	4	50	2	-1	11
NS20964S	5	200	4	5	46
NS20964S	7	200	4	5	46
NS20982E	4	205	1	-1	205
NS20982E	7	450	2	-1	103
NS20991Y	21	32	1	-1	32
NS20991Y	22	40	1	-1	40
NS20991Y	23	60	1	-1	60
NS20992Z	21	80	2	-1	18
NS21002Z	21	60	1	-1	60
NS21005C	21	84	2	-1	19
NS21005C	23	234	2	-1	54
NS21021M	21	-8	-8	-1	-1
NS21021M	23	-8	-8	-1	-1
NS21022N	21	20	1	-1	20
NS21022N	23	60	1	-1	60
NS21022N	28	187	2	-1	43
NS21022N	29	0	3	-1	0
NS21025R	28	220	2	-1	50
NS21025R	29	32	2	-1	7
NS21027T	21	20	4	1	20
NS21059E	21	21	1	-1	21
NS21066W	21	82	2	-1	18
NS21086K	21	20	1	-1	20
NS21100Z	21	80	2	-1	18
NS21100Z	23	200	2	-1	46
NS21101A	21	30	1	-1	30
NS21101A	23	110	1	-1	110
NS21101A	28	200	4	4	50
NS21105E	21	134	1	-1	134
NS21119D	5	230	2	-1	53
NS21119D	7	230	2	-1	53
NS21119D	21	120	2	-1	27
NS21119D	22	144	1	-1	144
NS21119D	23	110	1	-1	110
NS21119D	28	38	1	-1	38
NS21144G	21	135	2	-1	31
NS21146J	4	102	4	14	-8
NS21168A	1	56	1	-1	56
NS21175R	7	300	2	-1	69
NS21184K	21	0	-9	-1	-8
NS21185L	4	373	4	2	186
NS21185L	7	307	4	4	76
NS21186M	21	80	2	-1	18
NS21189Q	22	89	2	-1	20
NS21192C	21	70	2	-1	16
NS21192C	28	12	4	1	12
NS21192C	29	-8	-8	-1	-1
NS21193D	4	110	1	-1	110
NS21193D	7	200	2	-1	46
NS21199K	21	82	2	-1	18
NS21200B	1	-9	-9	-1	-1
NS21203E	4	202	4	2	101
NS21209L	21	20	2	-1	4
NS21218E	21	20	1	-1	20
NS21220Q	1	144	4	2	72
NS21222S	28	-8	4	4	-1
NS21222S	29	-1	-1	-1	-1
NS21242G	21	34	1	-1	34
NS21245K	21	20	1	-1	20
NS21245K	22	48	1	-1	48
NS21245K	23	0	1	-1	0
NS21254D	4	200	4	2	100
NS21254D	7	200	4	2	100
NS21257G	29	450	3	-1	8
NS21261V	21	-9	-9	-1	-1
NS21261V	22	-9	-9	-1	-1
NS21261V	23	-9	-9	-1	-1
NS21280H	1	-8	-8	-1	-1
NS21280H	7	-8	-8	-1	-1
NS21283L	21	20	1	-1	20
NS21285N	21	34	1	-1	34
NS21285N	22	-8	1	-1	-1
NS21285N	23	-8	1	-1	-1
NS21291D	21	20	1	-1	20
NS21291D	23	145	1	-1	145
NS21324X	15	50	-8	-1	-8
NS21327A	21	-9	-9	-1	-1
NS21327A	22	-8	-8	-1	-1
NS21327A	23	-9	-9	-1	-1
NS21327A	28	-8	-8	-1	-1
NS21327A	29	-8	-8	-1	-1
NS21332P	4	181	4	2	90
NS21354F	2	140	4	2	70
NS21354F	21	190	4	4	47
NS21354F	23	160	1	-1	160
NS21354F	28	751	2	-1	173
NS21354F	29	0	2	-1	0
NS21358K	21	82	2	-1	18
NS21367D	21	-8	4	1	-1
NS21368E	22	106	1	-1	106
NS21372S	21	-9	-9	-1	-1
NS21372S	22	-9	-9	-1	-1
NS21373T	21	82	2	-1	18
NS21374V	4	100	1	-1	100
NS21382M	21	81	2	-1	18
NS21391F	3	224	4	2	112
NS21391F	7	200	4	4	50
NS21392G	21	20	1	-1	20
NS21392G	22	250	2	-1	57
NS21392G	23	64	1	-1	64
NS21396L	7	490	2	-1	113
NS21443M	1	140	4	2	70
NS21447R	4	-8	-8	-1	-1
NS21447R	7	-8	-8	-1	-1
NS21453G	2	-8	-8	-1	-1
NS21453G	21	-8	-8	-1	-1
NS21454H	21	-8	-8	-1	-1
NS21454H	22	-8	-8	-1	-1
NS21454H	23	-8	-8	-1	-1
NS21454H	25	-8	2	-1	-1
NS21454H	27	800	2	-1	184
NS21463B	4	187	4	2	93
NS21463B	6	62	1	-1	62
NS21463B	7	220	4	4	55
NS21463B	21	82	4	4	20
NS21463B	23	63	1	-1	63
NS21463B	28	85	1	-1	85
NS21463B	29	-8	-8	-1	-1
NS21476Z	4	-9	-9	-1	-1
NS21479C	2	115	4	2	57
NS21479C	21	34	1	-1	34
NS21479C	23	116	1	-1	116
NS21479C	28	196	4	2	98
NS21479C	29	5	2	-1	1
NS21480M	21	20	1	-1	20
NS21480M	23	56	1	-1	56
NS21494L	21	188	2	-1	43
NS21503L	21	47	1	-1	47
NS21503L	22	100	1	-1	100
NS21511D	21	80	2	-1	18
NS21511D	22	80	1	-1	80
NS21511D	23	-8	-8	-1	-1
NS21515H	4	146	4	4	36
NS21515H	7	394	4	4	98
NS21516J	21	82	4	4	20
NS21519M	21	115	2	-1	26
NS21519M	25	154	2	-1	35
NS21520X	21	93	4	4	23
NS21520X	23	80	4	4	20
NS21537Z	21	80	2	-1	18
NS21542N	21	47	4	1	47
NS21542N	28	400	4	4	100
NS21542N	29	100	4	9	19
NS21547T	2	0	4	1	0
NS21547T	7	0	4	3	0
NS21552H	21	82	2	-1	18
NS21552H	23	21	1	-1	21
NS21553J	4	250	4	2	125
NS21556M	21	130	4	4	32
NS21556M	22	50	2	-1	11
NS21556M	23	400	2	-1	92
NS21567H	1	146	4	2	73
NS21567H	28	160	4	2	80
NS21567H	29	120	2	-1	27
NS21569K	21	-8	-8	-1	-1
NS21580P	13	100	4	12	1
NS21589Z	21	20	1	-1	20
NS21589Z	22	-8	-8	-1	-1
NS21589Z	23	-9	-9	-1	-1
NS21590J	21	60	2	-1	13
NS21590J	23	60	2	-1	13
NS21590J	28	60	2	-1	13
NS21613H	21	169	1	-1	169
NS21613H	23	1520	1	-1	1520
NS21616L	21	-9	-9	-1	-1
NS21621A	21	80	2	-1	18
NS21623C	28	-8	-8	-1	-1
NS21623C	29	-9	-8	-1	-1
NS21629J	21	135	4	4	33
NS21640N	7	357	2	-1	82
NS21648X	21	24	1	-1	24
NS21648X	22	50	1	-1	50
NS21648X	23	0	1	-1	0
NS21652K	21	130	2	-1	30
NS21657Q	21	20	1	-1	20
NS21658R	21	20	1	-1	20
NS21697T	21	20	4	1	20
NS21697T	22	-8	-8	-1	-1
NS21697T	23	-8	-8	-1	-1
NS21719R	2	58	4	2	29
NS21719R	21	81	4	5	18
NS21719R	23	120	4	1	120
NS21719R	28	-8	-8	-1	-1
NS21719R	29	-8	-8	-1	-1
NS21719R	30	60	4	1	60
NS21731X	1	70	4	2	35
NS21731X	21	20	4	1	20
NS21731X	23	50	1	-1	50
NS21731X	28	110	1	-1	110
NS21738E	4	210	4	2	105
NS21738E	21	21	1	-1	21
NS21738E	23	64	1	-1	64
NS21738E	28	412	4	4	103
NS21738E	29	-8	-8	-1	-1
NS21748Z	21	20	1	-1	20
NS21748Z	22	77	1	-1	77
NS21748Z	23	90	1	-1	90
NS21748Z	28	10	1	-1	10
NS21748Z	29	265	3	-1	5
NS21793R	21	20	1	-1	20
NS21796V	2	115	4	2	57
NS21796V	21	34	4	1	34
NS21796V	23	115	1	-1	115
NS21796V	28	149	1	-1	149
NS21796V	29	80	4	4	20
NS21801Q	21	82	2	-1	18
NS21802R	21	84	4	4	21
NS21822F	2	-9	-9	-1	-1
NS21822F	7	-9	-9	-1	-1
NS21829N	4	220	4	2	110
NS21829N	7	250	4	4	62
NS21831Z	21	20	1	-1	20
NS21831Z	22	500	4	4	125
NS21831Z	23	240	4	4	60
NS21831Z	28	390	2	-1	90
NS21831Z	29	90	2	-1	20
NS21834C	2	180	4	2	90
NS21834C	21	84	2	-1	19
NS21834C	23	127	1	-1	127
NS21834C	28	366	4	4	91
NS21834C	29	80	1	-1	80
NS21845Y	1	220	4	2	110
NS21845Y	21	34	1	-1	34
NS21845Y	23	105	1	-1	105
NS21852P	21	137	2	-1	31
NS21872D	21	80	2	-1	18
NS21872D	22	45	1	-1	45
NS21872D	23	92	1	-1	92
NS21902T	21	81	2	-1	18
NS21909B	2	-9	4	2	-1
NS21909B	21	-9	-9	-1	-1
NS21909B	23	-9	-9	-1	-1
NS21909B	28	-9	-9	-1	-1
NS21909B	29	-9	-9	-1	-1
NS21947C	7	84	2	-1	19
NS21947C	21	80	2	-1	18
NS21950P	21	130	2	-1	30
NS21950P	23	10	1	-1	10
NS21961K	21	86	2	-1	19
NS21982A	2	100	1	-1	100
NS21982A	21	20	1	-1	20
NS21982A	23	60	1	-1	60
NS21986E	4	-8	-8	-1	-1
NS21994X	21	38	4	2	19
NS21999C	21	80	2	-1	18
NS22013Q	21	20	1	-1	20
NS22013Q	23	63	1	-1	63
NS22013Q	28	290	2	-1	66
NS22013Q	29	-8	-8	-1	-1
NS22020G	21	80	2	-1	18
NS22025M	21	0	1	-1	0
NS22025M	23	0	4	4	0
NS22027P	21	38	4	1	38
NS22027P	23	130	4	2	65
NS22027P	28	1100	4	5	254
NS22027P	29	150	4	9	28
NS22027P	30	150	4	9	28
NS22063N	21	32	4	1	32
NS22064P	2	140	4	2	70
NS22064P	21	130	4	4	32
NS22064P	23	400	4	4	100
NS22067S	21	190	2	-1	43
NS22067S	22	7	1	-1	7
NS22067S	23	112	1	-1	112
NS22067S	28	640	4	4	160
NS22067S	29	17	1	-1	17
NS22082B	1	149	4	2	74
NS22086F	21	80	2	-1	18
NS22100V	21	84	2	-1	19
NS22102X	21	82	4	4	20
NS22102X	23	117	1	-1	117
NS22103Y	21	34	4	1	34
NS22113S	21	34	1	-1	34
NS22138M	21	110	2	-1	25
NS22142A	2	146	4	2	73
NS22142A	21	82	4	4	20
NS22142A	23	256	4	4	64
NS22163Q	21	130	2	-1	30
NS22175M	21	496	2	-1	114
NS22175M	22	250	2	-1	57
NS22175M	23	246	2	-1	56
NS22176N	21	136	4	4	34
NS22176N	22	40	1	-1	40
NS22176N	23	160	1	-1	160
NS22204B	13	220	4	4	55
NS22204B	21	82	4	4	20
NS22204B	22	109	4	1	109
NS22204B	23	64	4	1	64
NS22204B	28	86	4	1	86
NS22204B	29	105	4	5	24
NS22211S	2	100	4	2	50
NS22211S	21	34	1	-1	34
NS22211S	23	117	1	-1	117
NS22222N	2	50	1	-1	50
NS22222N	21	20	1	-1	20
NS22222N	23	60	1	-1	60
NS22223P	1	229	4	2	114
NS22223P	29	887	3	-1	17
NS22225R	21	20	4	1	20
NS22225R	22	150	4	1	150
NS22225R	23	0	4	1	0
NS22231G	21	20	1	-1	20
NS22231G	22	0	1	-1	0
NS22231G	23	110	1	-1	110
NS22231G	28	0	1	-1	0
NS22231G	29	0	1	-1	0
NS22239Q	7	-8	-8	-1	-1
NS22254Z	21	80	4	4	20
NS22254Z	23	377	4	4	94
NS22284H	21	-8	-8	-1	-1
NS22284H	22	-8	-8	-1	-1
NS22284H	23	-8	-8	-1	-1
NS22285J	21	34	4	1	34
NS22285J	22	209	4	4	52
NS22285J	23	0	4	4	0
NS22285J	28	360	4	5	83
NS22293B	21	80	1	-1	80
NS22293B	22	100	1	-1	100
NS22293B	23	-8	-8	-1	-1
NS22305E	21	81	2	-1	18
NS22310T	2	-8	-8	-1	-1
NS22313X	21	34	4	1	34
NS22313X	22	8	4	1	8
NS22313X	23	80	4	1	80
NS22317B	21	82	4	4	20
NS22317B	22	92	1	-1	92
NS22317B	23	60	1	-1	60
NS22318C	8	-9	-9	-1	-1
NS22318C	21	-9	3	-1	-1
NS22318C	23	-9	-9	-1	-1
NS22327W	21	84	2	-1	19
NS22327W	23	350	2	-1	80
NS22336P	4	0	-8	-1	-8
NS22336P	6	-8	2	-1	-1
NS22336P	7	55	1	-1	55
NS22346J	21	138	2	-1	31
NS22346J	22	44	1	-1	44
NS22346J	23	118	1	-1	118
NS22346J	28	58	1	-1	58
NS22346J	29	443	3	-1	8
NS22367Z	21	20	1	-1	20
NS22376S	21	20	1	-1	20
NS22386M	7	80	4	1	80
NS22386M	21	20	4	1	20
NS22399K	21	192	2	-1	44
NS22399K	22	64	2	-1	14
NS22399K	23	168	2	-1	38
NS22425W	1	210	4	2	105
NS22426X	29	31	2	-1	7
NS22432M	1	117	1	-1	117
NS22432M	2	117	1	-1	117
NS22432M	28	114	1	-1	114
NS22444J	21	60	4	1	60
NS22444J	22	38	4	1	38
NS22444J	23	50	4	1	50
NS22447M	1	142	4	2	71
NS22447M	28	65	4	1	65
NS22447M	29	-8	-8	-1	-1
NS22459J	29	-8	-8	-1	-1
NS22466A	2	136	4	2	68
NS22466A	21	21	4	1	21
NS22466A	23	256	4	4	64
NS22466A	28	526	4	4	131
NS22466A	29	0	4	5	0
NS22467B	21	30	4	1	30
NS22467B	22	-8	4	4	-1
NS22467B	23	-8	4	4	-1
NS22467B	28	-8	4	5	-1
NS22482K	2	60	1	-1	60
NS22482K	21	0	-8	-1	-8
NS22490C	21	20	1	-1	20
NS22490C	23	63	1	-1	63
NS22492E	21	-9	-9	-1	-1
NS22492E	22	-9	-9	-1	-1
NS22492E	23	-9	-9	-1	-1
NS22497K	21	20	4	1	20
NS22510Y	21	82	2	-1	18
NS22510Y	22	-8	-8	-1	-1
NS22510Y	23	250	2	-1	57
NS22512A	21	140	4	5	32
NS22519H	7	6718	4	12	129
NS22525Y	1	141	4	2	70
NS22525Y	28	166	4	2	83
NS22525Y	29	-8	-8	-1	-1
NS22531N	2	138	4	2	69
NS22531N	21	38	1	-1	38
NS22531N	23	166	1	-1	166
NS22531N	28	110	2	-1	25
NS22531N	29	25	2	-1	5
NS22532P	21	81	4	4	20
NS22532P	23	61	1	-1	61
NS22532P	28	85	4	2	42
NS22532P	29	0	2	-1	0
NS22538W	2	140	4	2	70
NS22538W	21	34	1	-1	34
NS22538W	23	112	1	-1	112
NS22538W	28	385	4	4	96
NS22538W	29	640	3	-1	12
NS22540G	21	80	4	4	20
NS22540G	22	30	4	2	15
NS22545M	21	84	4	4	21
NS22545M	23	150	1	-1	150
NS22558K	2	228	4	2	114
NS22558K	21	20	1	-1	20
NS22558K	23	63	1	-1	63
NS22558K	28	366	4	4	91
NS22558K	29	72	2	-1	16
NS22573T	21	34	4	1	34
NS22573T	22	100	1	-1	100
NS22573T	23	90	1	-1	90
NS22573T	28	290	4	5	66
NS22574V	21	80	2	-1	18
NS22588T	21	255	4	4	63
NS22588T	22	8	1	-1	8
NS22588T	23	255	4	4	63
NS22611B	4	243	4	2	121
NS22642L	21	72	1	-1	72
NS22642L	22	68	1	-1	68
NS22642L	23	18	1	-1	18
NS22642L	28	200	2	-1	46
NS22643M	22	116	1	-1	116
NS22644N	21	20	4	1	20
NS22644N	22	139	4	1	139
NS22644N	23	0	1	-1	0
NS22644N	28	360	4	5	83
NS22644N	29	200	4	5	46
NS22649T	21	81	2	-1	18
NS22659N	2	130	4	2	65
NS22659N	21	20	1	-1	20
NS22659N	23	63	1	-1	63
NS22659N	28	190	4	2	95
NS22659N	29	25	4	5	5
NS22678B	6	41	1	-1	41
NS22678B	7	212	4	4	53
NS22678B	21	190	4	4	47
NS22678B	22	130	1	-1	130
NS22678B	23	170	1	-1	170
NS22678B	28	191	4	2	95
NS22678B	29	100	2	-1	23
NS22683Q	22	42	1	-1	42
NS22695M	21	137	2	-1	31
NS22695M	22	45	2	-1	10
NS22695M	23	500	2	-1	115
NS22695M	28	-9	-9	-1	-1
NS22697P	21	27	4	1	27
NS22711D	21	41	4	1	41
NS22711D	22	130	4	2	65
NS22711D	23	70	4	2	35
NS22713F	21	84	2	-1	19
NS22728F	4	-9	-8	-1	-1
NS22735X	4	-9	-9	-1	-1
NS22749W	2	112	1	-1	112
NS22749W	4	100	1	-1	100
NS22749W	21	34	1	-1	34
NS22749W	23	-8	-8	-1	-1
NS22749W	28	450	2	-1	103
NS22752H	1	100	1	-1	100
NS22755L	21	82	2	-1	18
NS22755L	25	580	2	-1	133
NS22764E	21	20	1	-1	20
NS22767H	21	80	2	-1	18
NS22770V	21	-8	-8	-1	-1
NS22770V	22	-8	-8	-1	-1
NS22770V	23	-8	-8	-1	-1
NS22771W	21	83	2	-1	19
NS22782R	21	132	4	5	30
NS22782R	23	100	4	1	100
NS22785V	21	-9	-9	-1	-1
NS22787X	21	80	2	-1	18
NS22787X	22	250	2	-1	57
NS22787X	23	80	2	-1	18
NS22787X	28	170	2	-1	39
NS22787X	29	10	2	-1	2
NS22788Y	2	146	4	2	73
NS22788Y	4	146	4	2	73
NS22799T	8	250	2	-1	57
NS22812G	21	20	1	-1	20
NS22851J	21	88	2	-1	20
NS22852K	2	200	2	-1	46
NS22852K	21	35	1	-1	35
NS22852K	23	60	1	-1	60
NS22852K	28	565	2	-1	130
NS22852K	29	18	2	-1	4
NS22864G	21	82	4	1	82
NS22865H	21	70	1	-1	70
NS22865H	22	0	1	-1	0
NS22865H	23	0	1	-1	0
NS22867K	21	20	2	-1	4
NS22867K	22	60	2	-1	13
NS22867K	23	60	-8	-1	-8
NS22871Y	21	48	1	-1	48
NS22871Y	23	808	4	4	202
NS22871Y	28	234	4	2	117
NS22871Y	29	-8	-8	-1	-1
NS22892N	21	21	1	-1	21
NS22892N	22	107	1	-1	107
NS22892N	23	0	1	-1	0
NS22893P	21	80	2	-1	18
NS22893P	23	-8	-8	-1	-1
NS22898V	28	0	-8	-1	-8
NS22898V	29	20	2	-1	4
NS22899W	21	113	2	-1	26
NS22899W	22	-8	-8	-1	-1
NS22899W	23	-8	-8	-1	-1
NS22905S	2	74	1	-1	74
NS22905S	21	83	2	-1	19
NS22905S	23	60	1	-1	60
NS22916N	2	80	4	5	18
NS22917P	21	-8	1	-1	-1
NS22917P	28	-8	-8	-1	-1
NS22925G	28	8	1	-1	8
NS22925G	29	300	3	-1	5
NS22959V	21	21	4	1	21
NS22959V	23	0	4	15	-8
NS22965K	21	23	1	-1	23
NS22965K	22	20	1	-1	20
NS22965K	23	22	1	-1	22
NS22965K	28	360	2	-1	83
NS22965K	29	3	2	-1	0
NS22967M	21	20	1	-1	20
NS22969P	21	21	1	-1	21
NS22969P	23	40	1	-1	40
NS22977G	1	300	2	-1	69
NS22981V	21	-9	-9	-1	-1
NS22994S	23	75	1	-1	75
NS22996V	4	374	4	2	187
NS22996V	7	104	1	-1	104
NS22996V	28	700	2	-1	161
NS22996V	29	0	-8	-1	-8
NS23012K	21	60	2	-1	13
NS23014M	21	27	2	-1	6
NS23027K	21	35	1	-1	35
NS23036D	21	80	2	-1	18
NS23036D	22	20	1	-1	20
NS23036D	23	60	1	-1	60
NS23043V	7	280	2	-1	64
NS23043V	13	78	4	5	18
NS23043V	22	78	2	-1	18
NS23043V	28	75	2	-1	17
NS23043V	29	30	2	-1	6
NS23059W	21	20	1	-1	20
NS23059W	22	7	4	1	7
NS23059W	23	-8	4	1	-1
NS23076G	21	20	1	-1	20
NS23113N	21	20	1	-1	20
NS23113N	22	120	1	-1	120
NS23113N	23	-8	-8	-1	-1
NS23113N	28	80	1	-1	80
NS23113N	29	-8	-8	-1	-1
NS23115Q	2	22	1	-1	22
NS23115Q	21	192	2	-1	44
NS23115Q	23	157	1	-1	157
NS23115Q	28	420	4	5	96
NS23115Q	29	800	3	-1	15
NS23118T	21	240	4	4	60
NS23130Z	28	82	4	2	41
NS23140T	2	70	1	-1	70
NS23140T	21	20	1	-1	20
NS23151P	21	137	4	4	34
NS23158X	21	35	1	-1	35
NS23158X	22	40	1	-1	40
NS23158X	23	170	1	-1	170
NS23162K	21	32	1	-1	32
NS23169S	21	155	4	4	38
NS23187E	2	-9	-9	-1	-1
NS23187E	21	68	-9	-1	-8
NS23187E	23	-9	-9	-1	-1
NS23187E	28	-9	-9	-1	-1
NS23187E	29	-9	-9	-1	-1
NS23199B	21	137	4	4	34
NS23199B	23	65	4	4	16
NS23206Z	7	44	1	-1	44
NS23207A	4	218	4	2	109
NS23234F	21	-9	-9	-1	-1
NS23234F	22	-9	-9	-1	-1
NS23243Z	21	20	1	-1	20
NS23243Z	22	58	1	-1	58
NS23243Z	23	63	1	-1	63
NS23243Z	28	30	1	-1	30
NS23245B	27	590	2	-1	136
NS23251R	28	400	2	-1	92
NS23269V	21	20	1	-1	20
NS23274J	7	559	2	-1	129
NS23274J	22	473	2	-1	109
NS23274J	28	412	2	-1	95
NS23274J	29	-8	-8	-1	-1
NS23282B	1	140	4	2	70
NS23284D	2	440	2	-1	101
NS23284D	4	200	2	-1	46
NS23284D	6	220	2	-1	50
NS23284D	7	400	2	-1	92
NS23284D	21	360	2	-1	83
NS23284D	22	20	1	-1	20
NS23284D	23	360	2	-1	83
NS23284D	28	450	2	-1	103
NS23284D	29	80	2	-1	18
NS23290T	21	112	2	-1	25
NS23290T	23	117	1	-1	117
NS23290T	28	400	2	-1	92
NS23290T	29	20	2	-1	4
NS23307C	21	80	4	4	20
NS23307C	22	100	4	4	25
NS23307C	23	150	4	4	37
NS23308D	21	48	1	-1	48
NS23308D	23	81	1	-1	81
NS23314T	4	295	4	2	147
NS23314T	6	65	1	-1	65
NS23314T	7	220	2	-1	50
NS23314T	28	-8	-8	-1	-1
NS23314T	29	12	2	-1	2
NS23336K	2	146	4	2	73
NS23336K	21	34	1	-1	34
NS23336K	23	121	1	-1	121
NS23336K	28	256	4	2	128
NS23336K	29	10	1	-1	10
NS23341Z	25	580	4	4	145
NS23341Z	27	580	4	4	145
NS23380B	21	137	4	4	34
NS23380B	23	137	4	4	34
NS23396C	21	132	2	-1	30
NS23396C	23	127	1	-1	127
NS23397D	21	34	1	-1	34
NS23397D	22	38	1	-1	38
NS23397D	23	116	1	-1	116
NS23397D	28	406	2	-1	93
NS23406D	21	137	2	-1	31
NS23406D	23	52	1	-1	52
NS23407E	21	20	1	-1	20
NS23431G	21	60	2	-1	13
NS23435L	23	83	2	-1	19
NS23437N	2	101	4	2	50
NS23437N	21	33	1	-1	33
NS23437N	23	113	1	-1	113
NS23437N	28	1150	2	-1	265
NS23437N	29	102	2	-1	23
NS23439Q	21	82	4	4	20
NS23442C	21	80	2	-1	18
NS23452X	7	86	1	-1	86
NS23473M	21	82	2	-1	18
NS23473M	23	63	1	-1	63
NS23516A	21	20	1	-1	20
NS23516A	22	70	1	-1	70
NS23516A	23	65	1	-1	65
NS23523R	21	82	4	4	20
NS23524S	21	80	4	5	18
NS23526V	21	-8	-8	-1	-1
NS23526V	22	-8	-9	-1	-1
NS23526V	23	-8	-8	-1	-1
NS23536P	21	-8	-8	-1	-1
NS23549M	21	80	4	4	20
NS23556D	21	80	2	-1	18
NS23563V	28	200	4	5	46
NS23563V	29	-8	-8	-1	-1
NS23575R	21	135	2	-1	31
NS23575R	23	80	1	-1	80
NS23605G	1	142	4	2	71
NS23611X	21	21	1	-1	21
NS23611X	22	31	1	-1	31
NS23611X	23	56	1	-1	56
NS23611X	28	43	1	-1	43
NS23611X	29	9	1	-1	9
NS23615B	21	70	4	5	16
NS23618E	21	80	2	-1	18
NS23627Y	21	20	1	-1	20
NS23627Y	22	67	1	-1	67
NS23627Y	23	234	2	-1	54
NS23629A	7	560	2	-1	129
NS23629A	28	400	2	-1	92
NS23629A	29	-8	-8	-1	-1
NS23634P	21	160	4	1	160
NS23634P	23	48	4	1	48
NS23647M	21	82	4	4	20
NS23647M	23	63	1	-1	63
NS23655E	21	47	1	-1	47
NS23655E	22	450	4	4	112
NS23655E	23	0	4	4	0
NS23678X	21	33	4	1	33
NS23682K	21	-8	-8	-1	-1
NS23687Q	21	34	1	-1	34
NS23702F	4	240	4	2	120
NS23714C	21	130	4	4	32
NS23714C	23	20	1	-1	20
NS23736T	21	80	2	-1	18
NS23736T	22	250	2	-1	57
NS23736T	23	255	2	-1	58
NS23739X	2	73	4	1	73
NS23739X	21	137	4	4	34
NS23739X	23	116	1	-1	116
NS23739X	28	222	4	2	111
NS23739X	29	0	-8	-1	-8
NS23743K	21	30	1	-1	30
NS23759L	21	80	4	4	20
NS23766C	21	81	4	4	20
NS23774V	1	145	4	2	72
NS23779A	21	30	1	-1	30
NS23784P	2	71	1	-1	71
NS23784P	21	20	1	-1	20
NS23784P	23	545	3	-1	10
NS23785Q	2	182	2	-1	42
NS23785Q	6	62	1	-1	62
NS23785Q	21	20	1	-1	20
NS23785Q	23	122	1	-1	122
NS23785Q	28	113	1	-1	113
NS23785Q	29	-8	-8	-1	-1
NS23786R	21	34	1	-1	34
NS23786R	23	116	1	-1	116
NS23786R	28	77	1	-1	77
NS23786R	29	425	3	-1	8
NS23793H	1	114	1	-1	114
NS23802H	4	120	1	-1	120
NS23802H	7	-8	-8	-1	-1
NS23807N	3	-9	4	1	-1
NS23807N	5	166	2	-1	38
NS23807N	6	55	1	-1	55
NS23807N	7	177	2	-1	40
NS23813D	21	-8	-8	-1	-1
NS23813D	23	-8	-8	-1	-1
NS23813D	28	-8	-8	-1	-1
NS23814E	21	80	2	-1	18
NS23816G	2	250	2	-1	57
NS23816G	3	34	1	-1	34
NS23816G	7	260	2	-1	60
NS23816G	28	86	1	-1	86
NS23816G	29	-8	1	-1	-1
NS23822X	21	82	2	-1	18
NS23822X	23	139	1	-1	139
NS23828D	18	108	2	-1	24
NS23833S	21	32	1	-1	32
NS23833S	23	200	4	5	46
NS23843M	28	20	1	-1	20
NS23843M	29	-8	1	-1	-1
NS23848S	21	110	2	-1	25
NS23850D	4	150	1	-1	150
NS23851E	21	250	2	-1	57
NS23851E	22	50	2	-1	11
NS23851E	23	250	2	-1	57
NS23857L	21	80	4	4	20
NS23857L	22	60	1	-1	60
NS23857L	23	60	1	-1	60
NS23857L	28	6	4	4	1
NS23857L	29	20	2	-1	4
NS23865D	21	80	2	-1	18
NS23868G	21	81	4	2	40
NS23876Z	7	-9	-9	-1	-1
NS23892J	22	2	1	-1	2
NS23894L	21	80	2	-1	18
NS23894L	22	50	1	-1	50
NS23894L	23	50	1	-1	50
NS23894L	28	100	2	-1	23
NS23894L	29	11	2	-1	2
NS23919M	21	34	1	-1	34
NS23919M	22	134	2	-1	30
NS23919M	23	34	1	-1	34
NS23920X	7	300	4	4	75
NS23920X	21	218	4	4	54
NS23931S	3	130	4	2	65
NS23931S	4	210	2	-1	48
NS23931S	5	180	1	-1	180
NS23931S	6	100	1	-1	100
NS23931S	7	280	4	2	140
NS23934W	30	-8	-8	-1	-1
NS23948V	21	80	2	-1	18
NS23964E	21	137	2	-1	31
NS23964E	23	43	2	-1	9
NS23969K	21	44	1	-1	44
NS23969K	28	44	1	-1	44
NS23969K	29	-9	-9	-1	-1
NS23972X	21	20	1	-1	20
NS23992L	21	86	2	-1	19
NS23992L	23	500	2	-1	115
NS23995P	21	140	4	5	32
NS23998S	1	114	4	1	114
NS23998S	21	48	4	1	48
NS23998S	23	167	4	1	167
NS24001K	1	146	4	2	73
NS24004N	30	250	4	4	62
NS24017L	4	220	4	2	110
NS24017L	7	630	4	4	157
NS24017L	28	358	2	-1	82
NS24017L	29	100	2	-1	23
NS24019N	21	80	2	-1	18
NS24020Y	21	80	4	12	1
NS24022A	2	250	4	2	125
NS24022A	4	250	4	2	125
NS24022A	7	220	2	-1	50
NS24023B	2	84	4	2	42
NS24023B	21	47	1	-1	47
NS24023B	23	174	4	1	174
NS24023B	28	378	2	-1	87
NS24023B	29	90	4	1	90
NS24032V	21	137	2	-1	31
NS24032V	23	151	1	-1	151
NS24032V	28	850	2	-1	196
NS24032V	29	-8	-8	-1	-1
NS24034X	7	54	1	-1	54
NS24034X	22	85	1	-1	85
NS24053K	21	-8	-8	-1	-1
NS24054L	21	1000	2	-1	230
NS24054L	23	100	1	-1	100
NS24061C	21	80	2	-1	18
NS24070W	21	48	4	4	12
NS24070W	22	240	1	-1	240
NS24070W	23	0	1	-1	0
NS24070W	28	51	1	-1	51
NS24070W	29	8	1	-1	8
NS24071X	1	260	4	2	130
NS24071X	28	72	1	-1	72
NS24071X	29	7	1	-1	7
NS24071X	30	450	4	4	112
NS24072Y	21	82	4	4	20
NS24077D	2	62	4	2	31
NS24079F	2	140	4	2	70
NS24079F	21	64	1	-1	64
NS24079F	23	20	1	-1	20
NS24079F	28	350	2	-1	80
NS24079F	29	82	2	-1	18
NS24085W	22	10	1	-1	10
NS24100L	21	82	2	-1	18
NS24106S	21	83	4	4	20
NS24106S	22	419	4	4	104
NS24106S	23	323	4	4	80
NS24111G	21	136	4	4	34
NS24111G	22	283	4	1	283
NS24111G	23	0	4	4	0
NS24111G	28	11	1	-1	11
NS24125F	21	-9	-9	-1	-1
NS24127H	21	20	1	-1	20
NS24127H	23	50	1	-1	50
NS24135A	21	135	4	4	33
NS24135A	23	9	1	-1	9
NS24145V	4	126	1	-1	126
NS24145V	7	84	1	-1	84
NS24184X	21	80	2	-1	18
NS24184X	22	80	2	-1	18
NS24184X	23	80	2	-1	18
NS24190M	21	21	4	1	21
NS24190M	22	264	4	4	66
NS24190M	23	335	4	5	77
NS24208X	18	-8	-8	-1	-1
NS24210H	21	33	1	-1	33
NS24235C	2	146	2	-1	33
NS24239G	1	146	4	2	73
NS24246Y	21	21	1	-1	21
NS24246Y	22	60	1	-1	60
NS24246Y	23	60	1	-1	60
NS24246Y	28	51	1	-1	51
NS24246Y	29	100	2	-1	23
NS24247Z	7	-9	-9	-1	-1
NS24247Z	13	-9	-9	-1	-1
NS24247Z	21	-9	-9	-1	-1
NS24247Z	22	-9	-9	-1	-1
NS24247Z	23	-9	-9	-1	-1
NS24258V	4	210	4	2	105
NS24258V	21	20	1	-1	20
NS24258V	23	61	1	-1	61
NS24262H	21	80	2	-1	18
NS24263J	21	70	2	-1	16
NS24269Q	7	500	4	4	125
NS24276G	4	100	1	-1	100
NS24276G	7	296	4	4	74
NS24276G	28	-8	-8	-1	-1
NS24298Y	2	91	4	2	45
NS24298Y	30	62	1	-1	62
NS24312M	1	139	4	2	69
NS24312M	28	150	4	2	75
NS24312M	29	0	4	2	0
NS24318T	21	19	1	-1	19
NS24319V	22	19	4	4	4
NS24359Y	2	-8	1	-1	-1
NS24361J	21	35	1	-1	35
NS24365N	23	-8	-8	-1	-1
NS24368R	7	307	2	-1	70
NS24372E	21	80	2	-1	18
NS24372E	22	72	3	-1	1
NS24372E	23	250	4	4	62
NS24374G	21	80	4	4	20
NS24378L	14	-8	-8	-1	-1
NS24378L	18	-8	-8	-1	-1
NS24388F	21	34	2	-1	7
NS24388F	22	10	2	-1	2
NS24388F	23	96	2	-1	22
NS24394W	21	82	4	4	20
NS24396Y	2	146	2	-1	33
NS24396Y	21	82	4	4	20
NS24396Y	28	98	1	-1	98
NS24396Y	29	820	4	12	15
NS24398A	21	32	1	-1	32
NS24398A	22	30	1	-1	30
NS24398A	23	160	1	-1	160
NS24398A	28	40	1	-1	40
NS24398A	29	17	1	-1	17
NS24399B	21	134	2	-1	30
NS24399B	22	490	2	-1	113
NS24403W	4	327	4	2	163
NS24403W	7	303	2	-1	69
NS24403W	28	120	1	-1	120
NS24417V	21	20	1	-1	20
NS24419X	21	47	1	-1	47
NS24419X	23	152	1	-1	152
NS24419X	28	82	1	-1	82
NS24422J	21	82	4	5	18
NS24433E	21	82	2	-1	18
NS24433E	23	151	4	4	37
NS24443Z	21	83	2	-1	19
NS24443Z	22	44	1	-1	44
NS24443Z	23	248	2	-1	57
NS24443Z	28	37	1	-1	37
NS24443Z	29	7	1	-1	7
NS24446C	21	20	1	-1	20
NS24446C	23	31	4	1	31
NS24449F	21	33	4	1	33
NS24449F	22	137	4	1	137
NS24449F	23	0	4	1	0
NS24453T	21	20	1	-1	20
NS24464P	21	-9	-9	-1	-1
NS24480Z	2	100	4	2	50
NS24480Z	21	33	1	-1	33
NS24480Z	23	87	1	-1	87
NS24480Z	28	115	1	-1	115
NS24480Z	29	20	1	-1	20
NS24491V	21	82	2	-1	18
NS24501W	7	300	4	4	75
NS24505A	2	60	4	1	60
NS24505A	21	170	4	1	170
NS24505A	23	170	4	1	170
NS24505A	28	220	4	2	110
NS24505A	29	-8	-8	-1	-1
NS24506B	2	106	4	2	53
NS24506B	21	20	1	-1	20
NS24506B	23	60	1	-1	60
NS24506B	28	240	4	2	120
NS24506B	29	0	4	15	-8
NS24515V	21	137	4	4	34
NS24515V	23	72	1	-1	72
NS24533G	3	250	4	2	125
NS24533G	4	0	4	2	0
NS24533G	28	50	4	1	50
NS24533G	29	0	1	-1	0
NS24541Z	21	80	4	5	18
NS24549H	21	34	1	-1	34
NS24549H	23	37	1	-1	37
NS24551T	2	118	4	2	59
NS24551T	21	48	1	-1	48
NS24551T	23	167	1	-1	167
NS24551T	28	223	4	2	111
NS24551T	29	-8	-8	-1	-1
NS24588K	21	83	2	-1	19
NS24608F	21	80	2	-1	18
NS24613V	2	70	4	2	35
NS24613V	21	64	1	-1	64
NS24613V	23	-8	1	-1	-1
NS24624Q	21	82	2	-1	18
NS24624Q	22	30	1	-1	30
NS24624Q	23	63	1	-1	63
NS24624Q	28	127	2	-1	29
NS24624Q	29	56	3	-1	1
NS24634K	21	130	2	-1	30
NS24636M	21	80	4	4	20
NS24636M	23	103	1	-1	103
NS24636M	28	79	1	-1	79
NS24636M	29	-8	-8	-1	-1
NS24646G	21	34	4	1	34
NS24646G	23	195	4	1	195
NS24651W	21	81	4	4	20
NS24662R	3	-8	-8	-1	-1
NS24664T	21	20	4	1	20
NS24667X	21	-8	-8	-1	-1
NS24687L	21	20	4	1	20
NS24687L	22	130	4	1	130
NS24687L	28	25	4	1	25
NS24687L	29	20	2	-1	4
NS24737Q	4	300	4	2	150
NS24737Q	7	400	4	4	100
NS24746J	2	91	4	2	45
NS24746J	6	62	1	-1	62
NS24750X	21	31	1	-1	31
NS24750X	22	60	1	-1	60
NS24750X	23	65	1	-1	65
NS24762T	2	16	1	-1	16
NS24762T	21	34	1	-1	34
NS24762T	23	198	1	-1	198
NS24762T	28	89	1	-1	89
NS24762T	29	94	2	-1	21
NS24763V	4	250	4	2	125
NS24763V	7	559	4	4	139
NS24787N	4	-8	-8	-1	-1
NS24787N	7	-8	-8	-1	-1
NS24789Q	1	100	2	-1	23
NS24794E	21	126	2	-1	29
NS24801C	1	74	1	-1	74
NS24801C	21	20	1	-1	20
NS24801C	23	63	1	-1	63
NS24806H	21	100	2	-1	23
NS24808K	21	12	1	-1	12
NS24808K	23	12	4	1	12
NS24813Z	2	-8	-8	-1	-1
NS24813Z	21	-8	-8	-1	-1
NS24816C	2	-8	-8	-1	-1
NS24816C	21	-8	-8	-1	-1
NS24816C	23	-8	-8	-1	-1
NS24816C	28	-8	2	-1	-1
NS24816C	29	-8	-8	-1	-1
NS24817D	21	20	1	-1	20
NS24827Y	21	80	2	-1	18
NS24834P	7	80	4	4	20
NS24834P	21	42	4	1	42
NS24834P	22	70	4	1	70
NS24834P	23	140	4	1	140
NS24834P	28	93	4	1	93
NS24834P	29	20	4	1	20
NS24848N	21	80	2	-1	18
NS24848N	23	60	1	-1	60
NS24851A	30	7000	3	-1	134
NS24862W	21	41	4	1	41
NS24862W	23	91	4	1	91
NS24870N	28	-8	-8	-1	-1
NS24870N	29	-8	-8	-1	-1
NS24871P	1	110	4	2	55
NS24877W	21	44	4	1	44
NS24877W	23	44	4	1	44
NS24882K	21	82	2	-1	18
NS24884M	4	250	4	2	125
NS24884M	7	165	4	4	41
NS24887Q	23	21	1	-1	21
NS24897K	21	100	2	-1	23
NS24897K	23	200	2	-1	46
NS24903G	21	21	1	-1	21
NS24907L	21	21	1	-1	21
NS24907L	22	70	1	-1	70
NS24907L	23	70	1	-1	70
NS24935S	21	-8	-8	-1	-1
NS24935S	22	200	2	-1	46
NS24935S	23	-8	-8	-1	-1
NS24935S	28	200	2	-1	46
NS24936T	1	145	4	2	72
NS24947P	21	130	2	-1	30
NS24947P	23	187	2	-1	43
NS24963Z	23	-8	-8	-1	-1
NS24965B	4	-8	-8	-1	-1
NS24965B	7	-8	-8	-1	-1
NS24968E	21	82	4	4	20
NS24968E	22	297	4	5	68
NS24968E	23	691	4	5	159
NS24976X	3	0	2	-1	0
NS24976X	7	0	4	2	0
NS24978Z	21	80	2	-1	18
NS24978Z	23	200	2	-1	46
NS24995K	21	142	2	-1	32
NS25012B	21	292	4	4	73
NS25012B	23	-9	-9	-1	-1
NS25012B	28	-9	-9	-1	-1
NS25012B	29	-9	-9	-1	-1
NS25012B	30	-9	-9	-1	-1
NS25021V	2	250	4	2	125
NS25021V	21	34	4	1	34
NS25021V	23	117	4	1	117
NS25021V	28	73	4	1	73
NS25021V	29	-8	-8	-1	-1
NS25026A	22	182	2	-1	42
NS25043L	29	25	4	9	4
NS25045N	21	80	2	-1	18
NS25055H	2	52	4	2	26
NS25055H	21	20	4	1	20
NS25055H	28	123	4	1	123
NS25055H	29	-8	-8	-1	-1
NS25079B	21	20	1	-1	20
NS25079B	22	-8	-8	-1	-1
NS25079B	23	-8	-8	-1	-1
NS25079B	28	-8	-8	-1	-1
NS25079B	29	-8	-8	-1	-1
NS25084Q	21	-9	-9	-1	-1
NS25084Q	23	-9	-9	-1	-1
NS25087T	18	277	2	-1	63
NS25089W	21	80	2	-1	18
NS25089W	22	18	1	-1	18
NS25103K	21	82	2	-1	18
NS25103K	23	82	2	-1	18
NS25113E	21	20	1	-1	20
NS25114F	2	146	4	2	73
NS25114F	21	80	2	-1	18
NS25114F	23	65	1	-1	65
NS25114F	28	460	2	-1	106
NS25114F	29	115	2	-1	26
NS25118K	7	-9	-9	-1	-1
NS25148T	14	12	2	-1	2
NS25151F	21	20	1	-1	20
NS25152G	21	133	4	4	33
NS25163C	21	80	2	-1	18
NS25175Z	21	-8	-8	-1	-1
NS25175Z	30	-8	-8	-1	-1
NS25183R	2	131	4	2	65
NS25183R	21	20	1	-1	20
NS25183R	23	69	1	-1	69
NS25183R	28	228	4	2	114
NS25183R	29	-8	-8	-1	-1
NS25190H	21	17	1	-1	17
NS25190H	22	70	1	-1	70
NS25190H	23	70	1	-1	70
NS25190H	28	17	1	-1	17
NS25190H	29	20	2	-1	4
NS25193L	21	137	4	4	34
NS25196P	21	20	1	-1	20
NS25200J	2	146	4	2	73
NS25200J	21	20	1	-1	20
NS25200J	23	64	1	-1	64
NS25200J	28	113	1	-1	113
NS25200J	29	-8	-8	-1	-1
NS25201K	21	100	2	-1	23
NS25201K	22	-8	1	-1	-1
NS25201K	23	-8	-8	-1	-1
NS25205P	21	180	4	4	45
NS25205P	22	30	1	-1	30
NS25205P	23	-8	-8	-1	-1
NS25218M	1	84	1	-1	84
NS25219N	21	136	4	4	34
NS25219N	22	100	4	4	25
NS25225D	21	80	2	-1	18
NS25241N	21	20	1	-1	20
NS25241N	23	70	1	-1	70
NS25242P	21	80	4	4	20
NS25258Q	4	230	4	2	115
NS25258Q	13	380	4	4	95
NS25291L	2	266	4	2	133
NS25291L	6	62	1	-1	62
NS25291L	7	329	2	-1	75
NS25291L	21	47	1	-1	47
NS25291L	23	252	1	-1	252
NS25291L	28	101	1	-1	101
NS25291L	29	18	1	-1	18
NS25296R	21	80	4	4	20
NS25297S	21	136	4	5	31
NS25297S	23	0	4	5	0
NS25320A	21	135	2	-1	31
NS25320A	23	450	2	-1	103
NS25323D	1	150	4	2	75
NS25327H	30	2000	4	15	-8
NS25365J	21	138	2	-1	31
NS25365J	22	213	2	-1	49
NS25365J	23	213	2	-1	49
NS25379H	4	600	4	2	300
NS25379H	7	640	4	4	160
NS25379H	28	-8	1	-1	-1
NS25379H	29	-8	4	1	-1
NS25407W	21	145	2	-1	33
NS25407W	23	26	1	-1	26
NS25409Y	21	46	4	1	46
NS25409Y	22	201	4	1	201
NS25409Y	23	0	4	1	0
NS25409Y	28	97	4	1	97
NS25463J	21	56	1	-1	56
NS25463J	23	80	1	-1	80
NS25477H	24	30	1	-1	30
NS25480V	21	137	2	-1	31
NS25482X	21	192	2	-1	44
NS25482X	22	155	1	-1	155
NS25482X	23	90	1	-1	90
NS25486B	21	80	2	-1	18
NS25486B	22	200	2	-1	46
NS25486B	23	200	2	-1	46
NS25493S	4	243	4	2	121
NS25493S	28	-8	-8	-1	-1
NS25493S	29	-8	-8	-1	-1
NS25509A	22	-8	-8	-1	-1
NS25515Q	23	80	2	-1	18
NS25519V	4	109	1	-1	109
NS25519V	7	55	1	-1	55
NS25526L	27	112	1	-1	112
NS25547B	21	134	2	-1	30
NS25547B	23	364	2	-1	84
NS25550N	21	190	4	4	47
NS25554S	21	33	4	3	11
NS25554S	22	189	1	-1	189
NS25554S	23	10	1	-1	10
NS25554S	28	50	1	-1	50
NS25572E	21	20	1	-1	20
NS25572E	23	20	1	-1	20
NS25577K	29	-8	-8	-1	-1
NS25582Z	21	2	1	-1	2
NS25582Z	23	2	1	-1	2
NS25590R	28	262	4	5	60
NS25594W	10	33	1	-1	33
NS25617V	2	170	4	2	85
NS25617V	21	20	4	1	20
NS25617V	23	60	4	1	60
NS25622J	21	82	4	4	20
NS25638K	1	-8	-8	-1	-1
NS25638K	21	134	4	4	33
NS25638K	28	-8	-8	-1	-1
NS25638K	29	-8	-8	-1	-1
NS25641X	7	0	-8	-1	-8
NS25660K	21	192	2	-1	44
NS25660K	23	168	1	-1	168
NS25663N	21	35	4	4	8
NS25663N	23	0	-8	-1	-8
NS25682B	21	34	4	1	34
NS25682B	22	234	4	1	234
NS25682B	23	0	1	-1	0
NS25690T	21	83	2	-1	19
NS25690T	22	134	2	-1	30
NS25690T	23	577	2	-1	133
NS25692W	28	-8	-8	-1	-1
NS25692W	29	-8	-8	-1	-1
NS25713S	21	48	1	-1	48
NS25713S	23	81	1	-1	81
NS25718Y	21	30	1	-1	30
NS25718Y	22	-9	-8	-1	-1
NS25718Y	23	-9	-9	-1	-1
NS25725P	21	35	1	-1	35
NS25736K	21	30	4	1	30
NS25736K	22	100	4	1	100
NS25736K	23	100	4	1	100
NS25743B	2	146	4	2	73
NS25743B	21	137	2	-1	31
NS25743B	23	116	1	-1	116
NS25743B	28	112	1	-1	112
NS25743B	29	1138	3	-1	21
NS25754X	21	137	2	-1	31
NS25754X	23	1500	2	-1	346
NS25754X	28	20	1	-1	20
NS25755Y	21	82	2	-1	18
NS25755Y	23	615	2	-1	142
NS25765S	21	-9	-9	-1	-1
NS25774L	21	20	1	-1	20
NS25774L	22	75	1	-1	75
NS25774L	23	75	1	-1	75
NS25802Z	21	82	2	-1	18
NS25802Z	23	230	2	-1	53
NS25811S	21	20	4	4	5
NS25811S	22	0	4	4	0
NS25811S	23	0	4	4	0
NS25811S	28	20	4	4	5
NS25819B	21	20	4	1	20
NS25819B	22	-8	-8	-1	-1
NS25819B	23	-8	4	15	-1
NS25819B	28	-8	4	15	-1
NS25819B	29	-8	4	15	-1
NS25835L	28	12	1	-1	12
NS25835L	29	15	2	-1	3
NS25836M	21	200	2	-1	46
NS25836M	22	90	2	-1	20
NS25836M	23	50	2	-1	11
NS25844E	21	67	1	-1	67
NS25844E	22	343	1	-1	343
NS25844E	23	200	4	1	200
NS25845F	2	70	1	-1	70
NS25845F	21	80	2	-1	18
NS25845F	23	60	1	-1	60
NS25847H	21	33	1	-1	33
NS25847H	22	100	1	-1	100
NS25847H	23	80	1	-1	80
NS25847H	28	10	1	-1	10
NS25847H	29	30	1	-1	30
NS25867X	21	20	2	-1	4
NS25867X	22	131	1	-1	131
NS25867X	23	0	1	-1	0
NS25867X	28	417	2	-1	96
NS25867X	29	0	2	-1	0
NS25870J	2	82	4	2	41
NS25870J	21	0	4	1	0
NS25870J	23	163	4	1	163
NS25870J	28	87	4	1	87
NS25870J	29	0	4	4	0
NS25918C	21	82	4	4	20
NS25918C	25	558	4	4	139
NS25927W	2	20	4	2	10
NS25942E	21	82	4	4	20
NS25945H	21	20	1	-1	20
NS25945H	23	20	1	-1	20
NS25949M	18	0	-8	-1	-8
NS25956D	1	150	1	-1	150
NS25969B	1	10	4	5	2
NS25971M	21	82	4	4	20
NS25971M	22	561	4	4	140
NS25971M	23	0	4	4	0
NS25971M	28	182	1	-1	182
NS25971M	29	-8	-8	-1	-1
NS25972N	21	22	1	-1	22
NS25972N	22	130	1	-1	130
NS25972N	23	0	4	1	0
NS25972N	28	64	1	-1	64
NS25973P	1	210	4	2	105
NS25985L	30	300	2	-1	69
NS26049N	4	186	4	2	93
NS26049N	6	60	1	-1	60
NS26049N	7	240	2	-1	55
NS26049N	21	20	1	-1	20
NS26049N	23	62	1	-1	62
NS26049N	28	92	1	-1	92
NS26049N	29	15	1	-1	15
NS26081H	21	283	4	5	65
NS26081H	22	402	4	5	92
NS26081H	23	82	4	5	18
NS26081H	28	150	4	1	150
NS26081H	29	100	4	5	23
NS26083K	21	82	4	5	18
NS26083K	22	158	4	5	36
NS26083K	23	234	4	5	54
NS26083K	28	400	4	5	92
NS26083K	29	40	4	5	9
NS26085M	1	-9	-9	-1	-1
NS26100C	21	35	1	-1	35
NS26100C	22	40	1	-1	40
NS26100C	23	80	1	-1	80
NS26108L	4	200	4	2	100
NS26108L	7	150	2	-1	34
NS26108L	28	800	2	-1	184
NS26108L	29	300	4	11	11
