NSID	GRIDID	W9SEOF	W9CHDSEEFREO	W9CHDSEEFREOP	W9CHDMAINO	W9CHDDECO	W9SEX	W9RAGE
NS10026M	11	8	0	5	3	1	2	9
NS10026M	26	1	3	1	1	5	2	1
NS10047C	26	10	5	1	1	3	2	4
NS10047C	27	10	5	1	1	3	2	4
NS10053S	11	8	-1	-1	3	1	2	14
NS10057X	26	5	1	3	3	1	2	15
NS10057X	27	8	-1	-1	3	1	1	10
NS10057X	28	8	-1	-1	3	1	1	9
NS10057X	29	8	-1	-1	3	1	2	3
NS10060J	11	2	5	1	3	3	1	9
NS10068S	12	8	-1	-1	1	1	1	16
NS10068S	13	3	3	3	1	5	2	13
NS10120H	11	3	1	5	3	4	2	16
NS10120H	26	2	2	2	1	4	2	4
NS10121J	26	10	-1	-1	1	1	2	3
NS10128R	26	4	0	6	2	1	2	5
NS10137K	26	3	0	1	3	2	2	3
NS10177N	11	2	2	1	3	1	2	13
NS10177N	12	2	2	1	3	1	2	9
NS10181B	27	10	-1	-1	1	5	1	3
NS10181B	28	10	-1	-1	1	5	2	0
NS10197C	26	7	0	6	3	1	2	3
NS10198D	12	4	2	2	3	2	1	12
NS10198D	26	2	2	1	3	5	2	6
NS10217Y	11	1	3	1	1	3	2	14
NS10222M	12	2	5	1	3	3	1	10
NS10240Z	26	4	2	2	3	3	1	13
NS10240Z	27	8	-1	-1	3	1	2	8
NS10250T	26	8	-1	-1	3	1	2	4
NS10300Y	26	3	1	1	3	1	1	12
NS10300Y	27	2	3	1	3	3	2	9
NS10302A	12	4	2	2	3	2	1	15
NS10302A	13	4	2	2	3	2	1	10
NS10311T	26	6	0	6	3	1	1	15
NS10311T	27	1	0	6	3	3	2	11
NS10311T	28	1	0	6	3	3	1	5
NS10311T	29	1	0	6	3	3	2	0
NS10350W	11	2	3	1	1	5	1	13
NS10350W	26	2	3	1	1	5	2	0
NS10360Q	26	8	-1	-1	1	1	1	9
NS10382G	26	2	0	1	1	5	1	4
NS10482J	11	7	0	-8	3	1	1	10
NS10482J	26	8	-1	-1	3	1	1	4
NS10485M	11	8	-1	-1	3	1	1	14
NS10485M	26	4	1	2	3	3	1	6
NS10564Z	26	10	-1	-1	-9	5	2	9
NS10564Z	27	10	-1	-1	-9	5	2	6
NS10564Z	28	10	-1	-1	-9	5	2	1
NS10568D	26	2	3	1	3	4	2	5
NS10571Q	26	10	-1	-1	1	5	2	4
NS10571Q	27	10	-1	-1	1	5	1	2
NS10581K	11	6	7	4	1	2	2	13
NS10581K	12	6	7	6	1	2	1	11
NS10581K	30	4	7	2	3	3	1	6
NS10581K	31	3	7	2	3	3	1	5
NS10633R	12	8	-1	-1	3	1	2	12
NS10639Y	26	10	-1	-1	3	5	2	13
NS10639Y	27	10	-1	-1	3	5	1	9
NS10684Q	11	2	2	2	1	5	2	12
NS10689W	12	5	52	6	1	2	1	8
NS10689W	27	3	52	6	1	2	2	5
NS10710B	26	3	4	3	1	5	2	5
NS10720W	11	6	0	1	3	1	1	8
NS10775Z	26	2	6	1	1	4	1	6
NS10786V	12	1	7	1	1	5	1	11
NS10786V	26	1	7	1	1	5	1	5
NS10798R	26	4	2	2	1	2	1	2
NS10805P	26	1	5	1	1	5	1	7
NS10806Q	12	2	7	1	3	5	2	10
NS10813G	26	2	12	2	3	1	2	4
NS10813G	27	2	12	2	3	1	1	2
NS10844R	26	-9	-9	-9	-9	5	2	3
NS10859R	26	2	3	1	3	2	2	6
NS10859R	27	2	3	1	3	2	1	4
NS10862D	12	5	4	4	1	1	2	15
NS10873Z	26	2	4	1	3	2	1	5
NS10875B	11	1	1	1	1	2	1	12
NS10875B	12	3	1	1	1	3	1	12
NS10876C	26	6	7	6	3	1	1	14
NS10876C	27	3	2	1	2	2	1	9
NS10922C	26	4	2	2	1	4	2	9
NS10950J	12	2	2	1	3	5	1	7
NS10952L	26	3	0	1	1	4	1	4
NS10962F	26	10	-1	-1	1	5	2	0
NS10990M	26	1	0	1	1	5	2	6
NS11020B	11	3	2	2	1	3	1	13
NS11020B	12	3	2	2	1	3	2	11
NS11020B	13	3	2	2	1	3	1	10
NS11022D	26	4	2	2	1	2	1	6
NS11023E	27	8	-1	-1	1	1	1	11
NS11055Q	26	1	7	1	2	5	2	0
NS11067M	26	1	4	1	3	4	1	7
NS11109Z	11	8	-1	-1	3	1	2	10
NS11116Q	26	3	2	1	3	1	2	8
NS11116Q	27	3	2	1	3	1	2	6
NS11153Q	26	8	-1	-1	3	1	1	11
NS11168Q	26	8	-1	-1	3	1	2	5
NS11168Q	27	8	-1	-1	3	1	2	3
NS11168Q	28	8	-1	-1	3	1	2	1
NS11182Y	11	10	-1	-1	1	5	 	 
NS11200R	26	6	0	-9	3	1	2	7
NS11224K	11	7	0	-9	3	1	2	12
NS11224K	26	6	-8	-8	3	1	2	12
NS11224K	27	8	-1	-1	3	1	2	2
NS11227N	26	2	10	2	3	5	1	4
NS11228P	26	5	4	3	2	3	2	12
NS11228P	27	5	4	3	2	3	1	8
NS11251Q	26	2	0	1	3	4	1	1
NS11259Z	27	7	0	1	3	-8	-9	-9
NS11259Z	28	7	0	1	3	-8	2	-9
NS11259Z	29	7	0	1	3	-8	2	-9
NS11343A	26	1	12	6	1	5	1	1
NS11346D	26	2	1	1	1	3	1	4
NS11346D	27	2	1	1	1	3	2	1
NS11359B	26	2	3	1	3	4	1	7
NS11367T	26	2	0	1	3	4	1	0
NS11368V	26	2	5	6	3	4	2	3
NS11369W	26	8	-1	-1	3	1	2	10
NS11369W	27	8	-1	-1	3	1	1	8
NS11437M	12	3	2	1	1	3	2	11
NS11437M	27	3	2	1	1	3	1	4
NS11448H	26	10	-1	-1	3	5	2	1
NS11488L	26	10	-1	-1	1	4	2	1
NS11508G	12	5	8	6	1	1	2	15
NS11508G	13	8	-1	-1	3	1	1	12
NS11508G	14	8	-1	-1	3	1	2	8
NS11508G	26	8	-1	-1	3	1	1	2
NS11560Q	11	6	0	6	3	1	1	10
NS11566X	12	8	-1	-1	3	1	1	12
NS11566X	13	8	-1	-1	3	1	1	10
NS11566X	26	2	3	1	1	4	1	1
NS11572M	26	2	0	6	3	2	1	2
NS11588N	26	5	3	4	1	3	1	7
NS11588N	27	8	-1	-1	3	1	2	12
NS11592B	26	10	-1	-1	1	5	2	3
NS11592B	27	10	-1	-1	1	5	1	0
NS11602C	12	2	3	1	3	3	1	8
NS11602C	13	2	3	1	3	3	2	6
NS11625V	26	10	-1	-1	3	5	1	6
NS11625V	27	10	-1	-1	3	5	2	0
NS11634N	26	8	-1	-1	3	1	1	14
NS11634N	27	8	-1	-1	3	1	1	9
NS11634N	28	8	-1	-1	3	1	1	3
NS11650Y	11	1	7	1	1	5	1	8
NS11660S	11	4	1	2	2	1	1	12
NS11660S	12	1	2	1	1	4	1	8
NS11669C	26	1	2	1	3	3	2	5
NS11671N	26	5	0	6	2	1	2	4
NS11671N	27	8	-1	-1	2	1	2	3
NS11674R	26	10	-1	-1	1	5	1	9
NS11674R	27	10	-1	-1	1	5	2	7
NS11674R	28	10	-1	-1	1	5	1	5
NS11674R	29	10	-1	-1	1	5	1	3
NS11674R	30	10	-1	-1	1	5	1	3
NS11675S	11	8	-1	-1	2	1	1	15
NS11675S	12	8	-1	-1	2	1	1	11
NS11675S	13	8	-1	-1	2	1	2	7
NS11682J	12	2	2	1	3	3	1	12
NS11682J	13	2	2	1	3	3	1	6
NS11685M	11	6	3	6	3	1	1	11
NS11685M	12	6	3	6	3	1	1	10
NS11694F	12	1	2	1	3	3	1	13
NS11694F	13	1	2	1	3	3	2	8
NS11710X	12	4	1	2	1	1	1	7
NS11710X	26	4	1	2	1	1	1	3
NS11716D	26	8	-1	-1	3	1	2	13
NS11716D	27	8	-1	-1	3	1	1	10
NS11731M	12	5	0	6	1	1	1	15
NS11731M	13	5	1	3	1	3	2	14
NS11731M	14	5	1	3	1	1	2	9
NS11738V	11	8	-1	-1	3	1	1	10
NS11751B	11	2	3	1	3	2	1	13
NS11758J	26	7	0	6	3	1	1	11
NS11771Q	26	2	3	1	3	5	2	2
NS11781K	11	2	4	1	1	4	2	9
NS11783M	26	4	0	6	1	5	2	2
NS11796K	26	2	5	1	1	4	2	9
NS11796K	27	2	5	1	1	4	2	6
NS11815E	11	7	0	6	3	1	1	14
NS11815E	12	7	0	6	3	1	1	12
NS11823X	11	3	2	6	3	2	2	13
NS11823X	12	3	2	6	3	2	1	8
NS11823X	26	3	2	6	3	2	1	5
NS11840H	11	3	1	1	1	3	2	10
NS11848R	11	5	2	3	2	1	1	11
NS11855H	26	1	7	1	1	4	2	0
NS11858L	26	3	5	1	1	4	1	5
NS11858L	27	3	5	1	1	4	2	3
NS11874W	26	8	-1	-1	3	1	2	4
NS11874W	27	8	-1	-1	3	3	2	3
NS11874W	28	1	0	6	3	3	1	2
NS11874W	29	1	0	6	3	3	2	0
NS11896M	26	2	1	1	1	3	1	3
NS11922Y	11	4	2	2	1	2	2	13
NS11922Y	12	4	2	2	1	2	2	9
NS11925B	26	10	-1	-1	1	5	2	7
NS11925B	27	10	-1	-1	1	5	1	3
NS11941L	26	3	8	3	1	3	1	5
NS11970T	26	1	0	1	3	5	1	1
NS11970T	27	1	0	1	3	5	2	0
NS12000H	26	8	-1	-1	3	1	2	3
NS12009S	26	1	-9	-9	1	5	1	6
NS12009S	27	1	-9	-9	1	5	2	1
NS12029G	11	7	0	-8	1	1	2	12
NS12035X	26	8	-1	-1	1	1	1	7
NS12037Z	12	10	-1	-1	1	5	2	12
NS12037Z	13	10	-1	-1	1	5	1	9
NS12048V	26	2	2	1	2	3	1	3
NS12048V	27	2	2	1	2	3	2	2
NS12072X	11	2	3	1	3	4	1	8
NS12081Q	12	4	2	2	2	2	2	8
NS12081Q	27	4	2	2	2	2	2	3
NS12089Z	26	3	2	1	1	3	2	13
NS12095P	26	10	-1	-1	1	4	1	3
NS12095P	27	10	-1	-1	1	4	2	0
NS12102M	26	1	5	1	3	4	1	4
NS12102M	27	1	5	1	3	4	2	3
NS12139D	11	10	-1	-1	3	5	1	7
NS12139D	12	10	-1	-1	3	5	1	10
NS12139D	26	10	-1	-1	3	5	2	4
NS12139D	27	10	-1	-1	3	5	2	2
NS12139D	28	10	-1	-1	3	5	2	0
NS12170X	13	2	5	1	1	5	1	8
NS12175C	11	4	2	2	1	1	1	11
NS12176D	26	10	-1	-1	1	5	1	0
NS12185X	12	2	4	1	1	4	2	7
NS12199W	11	2	4	1	3	3	2	11
NS12223E	11	4	1	2	1	1	2	9
NS12223E	12	4	1	2	1	1	1	11
NS12224F	12	2	4	1	3	5	1	11
NS12229L	11	8	-1	-1	3	1	1	16
NS12229L	12	8	-1	-1	3	1	1	11
NS12229L	13	8	-1	-1	3	1	1	9
NS12232Y	11	8	-1	-1	3	1	2	9
NS12243T	11	9	-1	-1	-1	-1	1	11
NS12243T	12	9	-1	-1	-1	-1	2	9
NS12257S	26	8	-1	-1	3	1	1	11
NS12270Z	26	8	-1	-1	3	1	1	1
NS12275E	11	3	2	1	1	4	1	15
NS12277G	12	7	1	4	3	1	1	11
NS12277G	28	1	0	1	3	5	1	1
NS12278H	11	9	-1	-1	-1	-1	2	11
NS12279J	26	2	2	1	1	4	2	6
NS12279J	27	2	1	1	1	4	1	4
NS12306W	12	3	1	1	1	4	2	8
NS12320D	28	2	5	1	3	3	2	4
NS12320D	29	1	7	1	3	5	1	1
NS12325J	12	8	-1	-1	3	1	1	14
NS12336E	11	2	3	1	1	5	1	10
NS12336E	26	2	3	1	1	5	1	5
NS12336E	27	2	3	1	1	5	1	3
NS12347A	27	10	-1	-1	1	5	1	6
NS12347A	28	10	-1	-1	1	5	2	3
NS12351N	26	2	0	6	2	3	2	13
NS12351N	27	2	0	6	2	3	1	9
NS12355S	11	8	-1	-1	1	1	2	16
NS12364L	26	2	2	1	1	3	2	8
NS12374F	26	1	7	1	1	5	1	0
NS12393T	26	8	-1	-1	3	1	1	8
NS12435F	26	10	-1	-1	1	5	2	8
NS12435F	27	10	-1	-1	1	5	2	6
NS12443Y	12	8	-1	-1	3	1	2	13
NS12443Y	13	8	-1	-1	3	1	2	11
NS12443Y	26	8	-1	-1	3	1	1	6
NS12448D	12	-9	-9	-9	-9	-9	2	12
NS12448D	13	1	-9	-9	-9	-9	2	11
NS12448D	14	-9	-9	-9	-9	-9	1	9
NS12448D	26	-9	-9	-9	-9	-9	1	5
NS12464N	26	2	7	2	3	1	1	5
NS12464N	27	2	7	2	3	2	1	3
NS12473G	26	2	1	6	1	4	2	7
NS12473G	27	2	1	6	1	4	1	2
NS12476K	26	10	-1	-1	1	5	2	4
NS12476K	27	10	-1	-1	1	5	1	2
NS12490S	11	2	2	2	3	5	1	11
NS12490S	12	2	2	2	3	5	2	10
NS12490S	13	2	2	2	3	5	2	9
NS12490S	26	2	2	2	3	5	1	5
NS12496Z	12	2	3	1	3	2	1	8
NS12496Z	26	2	3	1	3	2	1	6
NS12516V	11	8	-1	-1	1	1	2	14
NS12516V	12	8	-1	-1	1	1	2	9
NS12517W	26	2	2	1	3	1	1	5
NS12517W	27	2	2	1	3	1	2	3
NS12530C	26	1	1	1	3	5	1	14
NS12530C	27	1	1	1	3	5	1	11
NS12540X	26	8	-1	-1	3	1	2	15
NS12540X	27	3	1	1	3	3	1	12
NS12540X	28	1	2	1	1	5	2	6
NS12540X	29	1	2	1	1	5	1	0
NS12558A	26	2	7	2	1	5	1	3
NS12566S	12	8	-1	-1	3	1	1	14
NS12575L	26	2	3	1	1	2	1	11
NS12575L	27	2	3	1	1	2	1	9
NS12613T	26	2	0	6	1	3	2	4
NS12624P	26	10	-1	-1	3	5	1	5
NS12624P	27	10	-1	-1	3	5	2	0
NS12626R	26	-9	-9	-9	1	4	2	1
NS12654Y	26	8	-1	-1	1	1	1	15
NS12654Y	27	8	-1	-1	3	1	1	12
NS12654Y	28	5	0	6	2	2	2	10
NS12654Y	29	5	0	6	2	2	1	8
NS12654Y	30	2	3	1	3	5	1	6
NS12654Y	31	2	0	6	1	5	1	2
NS12673L	12	6	2	4	1	2	1	13
NS12718B	12	8	0	-8	2	1	2	14
NS12718B	13	8	-1	-1	2	1	2	8
NS12720M	26	3	2	1	1	2	1	11
NS12746H	12	5	2	2	3	1	1	13
NS12746H	26	6	0	-8	3	1	2	5
NS12753Z	26	6	1	6	3	1	1	12
NS12753Z	27	2	4	1	3	5	2	7
NS12804E	26	2	7	2	3	5	2	4
NS12810V	26	10	-1	-1	1	4	2	10
NS12810V	27	10	-1	-1	1	4	1	8
NS12810V	28	10	-1	-1	1	4	2	6
NS12810V	29	10	-1	-1	1	4	2	4
NS12810V	30	10	-1	-1	1	4	2	2
NS12811W	11	6	0	6	3	2	1	11
NS12860S	12	8	-1	-1	3	1	2	13
NS12864X	11	5	1	4	3	1	2	16
NS12864X	12	2	4	3	2	3	2	7
NS12868B	26	2	3	1	3	2	1	13
NS12868B	27	2	3	1	3	2	2	10
NS12871N	26	4	1	2	1	4	2	3
NS12876T	26	8	-1	-1	2	1	1	14
NS12880G	12	3	1	1	1	5	1	10
NS12880G	26	3	1	1	1	5	2	7
NS12890B	26	8	-1	-1	2	1	1	11
NS12891C	26	10	-1	-1	1	5	1	10
NS12891C	27	10	-1	-1	1	5	1	7
NS12891C	28	10	-1	-1	1	5	1	0
NS12895G	26	1	-9	-9	1	3	1	1
NS12902E	11	2	7	2	3	5	1	11
NS12902E	12	2	7	2	3	5	1	9
NS12911Y	26	2	10	3	1	3	2	11
NS12911Y	27	3	10	3	1	3	1	4
NS13000D	11	8	-1	-1	3	1	1	7
NS13002F	12	2	-9	1	3	5	2	14
NS13002F	26	2	-9	1	3	5	2	5
NS13026Z	26	8	-1	-1	3	1	1	13
NS13026Z	27	8	-1	-1	3	1	2	10
NS13034R	26	8	-1	-1	3	1	1	11
NS13034R	27	4	0	-8	2	4	2	2
NS13036T	11	8	-1	-1	3	1	2	16
NS13036T	26	6	2	6	3	2	2	6
NS13056H	12	3	2	1	1	5	1	9
NS13056H	26	4	6	3	1	3	1	4
NS13075W	26	1	1	3	1	1	2	12
NS13080K	26	2	4	1	1	4	1	8
NS13128D	11	7	0	6	3	1	1	13
NS13128D	12	2	0	1	1	4	1	9
NS13141K	11	8	-1	-1	2	1	2	7
NS13191H	26	4	2	2	1	4	2	8
NS13207Q	26	8	-1	-1	3	1	2	2
NS13219M	26	3	2	2	1	4	2	5
NS13243P	26	8	-1	-1	3	1	1	8
NS13252H	26	1	7	1	3	5	2	1
NS13258P	26	2	6	1	1	1	2	10
NS13273Y	26	5	0	6	1	3	1	6
NS13276B	26	8	-1	-1	3	1	2	9
NS13292L	26	8	-1	-1	3	1	1	16
NS13292L	27	9	-1	-1	-1	-1	1	7
NS13292L	28	9	-1	-1	-1	-1	2	10
NS13301L	11	3	1	6	3	3	1	7
NS13301L	27	2	1	6	3	3	2	4
NS13323C	26	1	0	1	1	4	1	5
NS13349Y	12	7	-9	-9	3	1	1	12
NS13351J	11	3	0	6	1	2	1	8
NS13351J	12	3	0	6	1	2	2	6
NS13364G	26	3	1	1	1	3	1	6
NS13367K	26	10	-1	-1	1	-1	2	12
NS13367K	27	-1	-1	-1	-1	-1	1	7
NS13367K	28	-1	-1	-1	-1	-1	1	1
NS13372Z	12	1	11	2	3	3	1	10
NS13372Z	13	1	11	2	3	3	2	8
NS13386Y	11	5	2	3	1	3	2	10
NS13389B	26	5	-8	-8	3	1	1	2
NS13390L	12	8	-1	-1	2	1	1	14
NS13390L	13	2	0	-8	1	3	2	8
NS13392N	11	8	-1	-1	3	1	1	12
NS13392N	26	1	0	-9	1	4	2	5
NS13485Z	26	10	-1	-1	1	5	2	9
NS13485Z	27	10	-1	-1	1	5	1	7
NS13485Z	28	10	-1	-1	1	5	1	0
NS13498X	26	4	0	-8	3	1	2	5
NS13498X	27	5	0	6	3	1	1	1
NS13523G	12	2	5	1	1	5	2	7
NS13526K	12	2	3	1	3	4	2	9
NS13530Y	11	1	5	-9	3	3	2	15
NS13530Y	12	1	5	-9	3	3	1	12
NS13530Y	26	1	5	-9	2	4	1	4
NS13530Y	27	1	3	-9	2	4	1	3
NS13530Y	28	1	3	-9	2	4	2	1
NS13531Z	26	5	4	5	1	3	2	15
NS13531Z	27	6	3	6	3	1	2	12
NS13531Z	28	6	3	6	3	1	1	8
NS13541T	12	6	5	6	1	1	1	13
NS13541T	13	6	5	6	1	1	1	12
NS13541T	14	1	0	1	2	5	1	9
NS13541T	26	1	0	1	2	5	1	5
NS13591R	11	8	-1	-1	3	1	1	12
NS13591R	12	8	-1	-1	3	1	2	10
NS13591R	13	2	2	1	1	4	2	8
NS13591R	29	8	-1	-1	3	1	2	4
NS13607Z	11	2	1	2	1	2	1	14
NS13607Z	12	4	1	2	1	2	2	11
NS13622H	12	8	-1	-1	1	1	1	8
NS13622H	26	8	-1	-1	1	1	1	6
NS13623J	26	5	1	3	1	1	1	8
NS13639K	26	10	-1	-1	3	5	2	10
NS13639K	27	10	-1	-1	3	5	2	7
NS13645A	26	4	2	2	1	4	1	13
NS13645A	27	2	3	1	1	4	1	9
NS13645A	28	1	0	1	2	5	1	0
NS13657X	11	4	1	2	1	2	2	12
NS13662L	26	8	-1	-1	3	1	1	6
NS13665P	26	8	-1	-1	3	1	2	4
NS13711P	12	1	6	1	3	3	1	11
NS13715T	26	2	3	1	3	1	2	4
NS13722K	11	8	-1	-1	3	1	1	8
NS13728R	12	2	15	3	3	3	2	6
NS13728R	26	2	15	3	3	3	2	5
NS13749G	11	8	-1	-1	3	1	2	14
NS13749G	12	8	-1	-1	3	1	2	11
NS13754W	11	8	-1	-1	3	1	2	9
NS13758A	11	8	-1	-1	3	1	2	12
NS13771G	26	2	0	1	1	5	1	4
NS13771G	27	1	0	1	1	5	1	3
NS13777N	12	8	-1	-1	1	1	2	16
NS13777N	13	8	-1	-1	1	1	1	10
NS13777N	14	8	-1	-1	1	1	2	7
NS13798D	26	1	7	6	1	5	-9	1
NS13819A	26	7	0	1	3	1	2	8
NS13819A	27	7	0	1	3	1	2	7
NS13823N	12	1	4	1	3	4	2	11
NS13826R	11	4	4	2	1	3	1	7
NS13849J	12	8	-1	-1	1	1	2	10
NS13849J	13	4	2	2	1	1	1	7
NS13859D	26	10	-1	-1	3	5	1	1
NS13859D	27	10	-1	-1	3	5	2	0
NS13877Q	26	10	-1	-1	1	4	2	0
NS13934L	26	1	5	1	-1	-1	2	9
NS13956C	26	2	20	3	3	3	2	6
NS13956C	27	2	20	3	3	3	2	3
NS13971L	12	2	2	2	1	4	2	12
NS13971L	13	2	2	2	1	4	2	7
NS13982G	26	10	-1	-1	-9	5	1	6
NS14040C	26	6	2	6	2	1	1	11
NS14050X	12	8	-1	-1	3	1	1	12
NS14052Z	26	3	2	1	3	2	2	11
NS14052Z	27	3	2	1	3	2	2	5
NS14064W	11	8	-1	-1	3	1	1	13
NS14066Y	26	4	2	2	3	3	2	12
NS14066Y	27	1	7	1	3	4	1	3
NS14066Y	28	1	7	1	3	4	2	0
NS14069B	26	3	2	1	1	5	1	4
NS14079W	11	8	-1	-1	3	1	2	12
NS14092C	26	5	0	3	3	1	2	7
NS14092C	27	7	0	3	3	1	1	2
NS14127Y	11	2	0	6	1	3	1	13
NS14127Y	26	1	0	6	1	3	2	3
NS14138T	26	2	3	1	3	5	2	2
NS14148N	11	8	-1	-1	3	1	2	10
NS14148N	12	10	-1	-1	1	5	2	6
NS14148N	26	10	-1	-1	1	5	2	3
NS14195H	26	3	0	6	1	5	1	5
NS14208M	12	8	-1	-1	2	1	2	12
NS14208M	13	4	2	2	1	4	1	8
NS14223W	26	1	0	6	1	3	2	6
NS14234R	11	4	2	3	3	1	2	13
NS14234R	12	2	4	2	1	5	2	8
NS14303J	26	1	12	2	3	3	1	6
NS14303J	27	1	12	2	3	3	1	2
NS14344N	26	3	2	2	1	4	2	4
NS14369H	26	5	0	6	3	3	1	3
NS14378B	26	2	-9	-9	3	5	1	0
NS14402K	26	8	-1	-1	2	1	1	10
NS14409S	26	1	-9	-9	3	5	1	12
NS14409S	27	1	-9	-9	3	5	2	8
NS14419M	26	3	0	1	3	1	1	9
NS14436Y	11	4	2	2	1	4	1	8
NS14444Q	26	10	7	1	1	5	2	2
NS14444Q	27	10	-1	-1	1	5	2	0
NS14447T	11	10	-1	-1	3	1	2	13
NS14464E	11	3	2	1	1	3	1	10
NS14464E	26	1	2	1	3	5	1	3
NS14464E	27	1	2	1	3	5	2	1
NS14469K	12	8	-1	-1	3	1	1	14
NS14473Y	26	2	0	6	1	3	1	5
NS14509V	11	8	-1	-1	3	1	2	15
NS14509V	26	3	48	2	1	5	2	4
NS14513H	26	5	0	6	2	1	1	7
NS14517M	11	2	1	1	3	3	2	10
NS14517M	12	2	1	1	3	3	1	8
NS14521A	26	10	-1	-1	1	5	1	2
NS14521A	27	10	-1	-1	1	5	2	1
NS14550H	26	1	0	1	1	1	2	3
NS14550H	27	1	0	1	1	1	1	0
NS14557Q	26	10	-1	-1	-9	5	1	0
NS14564G	26	3	2	2	1	4	2	5
NS14569M	11	7	0	6	2	1	1	15
NS14569M	12	7	0	6	3	1	1	8
NS14569M	13	8	-1	-1	3	1	2	7
NS14573A	27	2	2	2	1	3	2	14
NS14574B	28	2	3	1	3	5	2	2
NS14574B	29	2	3	1	3	5	2	0
NS14586Y	27	2	4	1	3	4	1	9
NS14586Y	28	2	4	1	3	4	1	3
NS14587Z	26	2	4	1	3	5	1	15
NS14587Z	27	2	2	1	3	5	1	13
NS14587Z	28	2	2	1	3	5	1	10
NS14587Z	29	4	4	3	2	1	2	8
NS14597T	12	8	-1	-1	1	1	1	13
NS14597T	13	8	-1	-1	1	1	2	10
NS14642S	26	2	3	1	1	5	2	6
NS14677G	26	9	-1	-1	-1	-1	1	5
NS14677G	27	9	-1	-1	-1	-1	1	4
NS14678H	26	2	2	1	1	4	2	6
NS14698X	12	4	0	6	1	1	1	14
NS14710J	26	2	4	1	1	4	1	1
NS14720D	26	4	0	6	3	1	2	13
NS14724H	27	1	7	1	1	5	2	2
NS14749C	26	3	2	1	1	4	1	6
NS14749C	27	2	0	1	1	4	2	1
NS14787D	26	6	0	-8	3	1	1	8
NS14787D	27	6	0	-8	3	1	2	6
NS14806Y	11	8	-1	-1	3	1	2	9
NS14821G	26	8	0	-1	3	1	1	14
NS14821G	27	2	3	1	3	5	1	9
NS14821G	28	2	3	1	3	5	2	8
NS14851Q	26	10	-1	-1	1	5	1	3
NS14851Q	27	10	-1	-1	1	5	2	1
NS14893W	12	3	4	3	2	2	1	8
NS14893W	26	3	4	3	2	2	2	6
NS14916V	26	10	-1	-1	1	5	2	0
NS14924M	26	3	4	2	1	5	2	4
NS14928R	26	3	2	1	2	4	1	12
NS14928R	27	6	0	6	3	1	1	3
NS14929S	12	1	5	1	1	5	2	7
NS14948F	26	2	14	3	3	5	1	5
NS14966S	12	4	2	2	1	1	1	13
NS14966S	13	4	2	2	1	1	1	8
NS14978P	27	3	7	1	3	5	1	6
NS15010P	12	3	2	1	3	3	1	12
NS15018Y	11	8	-1	-1	2	1	1	11
NS15037L	26	1	183	6	3	5	1	4
NS15050S	11	1	4	1	3	1	1	11
NS15058B	12	3	2	1	1	3	2	8
NS15058B	26	3	2	1	1	3	2	6
NS15062P	26	1	3	1	1	5	1	0
NS15128V	11	3	1	1	3	1	2	11
NS15128V	26	3	1	1	3	1	2	6
NS15128V	27	3	1	1	3	1	1	2
NS15172L	26	1	1	1	1	1	1	4
NS15182F	12	9	-1	-1	-1	-1	1	10
NS15202B	12	8	-1	-1	3	1	2	14
NS15215Z	11	2	15	3	3	3	2	8
NS15228X	11	5	0	1	3	1	1	16
NS15247K	26	4	0	6	3	2	-9	13
NS15265X	26	4	2	2	1	3	1	8
NS15265X	27	4	2	2	1	3	1	6
NS15266Y	26	8	-1	-1	3	1	1	1
NS15277T	26	5	0	4	1	3	1	4
NS15279W	11	8	-1	-1	3	1	1	12
NS15339V	11	1	0	-9	3	4	1	12
NS15339V	12	1	0	6	3	4	2	9
NS15354D	26	2	1	1	1	3	1	3
NS15354D	27	2	1	1	1	3	2	0
NS15355E	11	8	-1	-1	3	1	1	14
NS15370N	11	5	10	6	3	3	1	9
NS15370N	26	5	10	6	3	3	1	7
NS15382K	12	8	-1	-1	1	1	1	15
NS15414C	26	4	2	2	1	1	2	11
NS15414C	27	2	4	1	3	4	2	6
NS15434R	26	3	0	6	1	3	1	2
NS15437V	26	1	2	1	1	5	2	3
NS15437V	27	1	2	1	1	5	2	2
NS15466C	26	1	0	1	1	5	1	4
NS15466C	27	1	0	1	1	5	1	1
NS15471R	26	2	0	1	1	3	1	1
NS15474V	26	3	1	1	2	1	1	9
NS15476X	11	8	-1	-1	3	1	2	8
NS15476X	26	1	0	6	3	3	1	3
NS15491F	26	3	1	3	1	4	1	0
NS15506M	11	8	-1	-1	2	1	1	10
NS15506M	12	8	-1	-1	2	1	1	9
NS15518J	26	10	-1	-1	1	5	1	3
NS15548S	12	3	2	1	1	4	1	13
NS15583Q	11	3	3	1	1	4	2	11
NS15583Q	26	2	4	1	1	5	1	4
NS15583Q	27	2	4	1	1	5	1	4
NS15584R	26	8	-1	-1	3	1	2	0
NS15611D	26	10	-1	-1	1	5	2	1
NS15623A	26	1	2	-8	1	5	2	5
NS15623A	27	1	3	-9	1	5	2	1
NS15623A	28	1	3	-9	1	5	2	0
NS15646S	26	8	-1	-1	3	1	1	4
NS15649W	26	7	-9	-9	3	1	1	10
NS15649W	27	5	2	3	1	4	1	5
NS15652H	26	3	0	6	2	1	1	7
NS15653J	26	10	7	1	1	5	2	3
NS15653J	27	10	-1	-1	1	5	1	0
NS15662C	11	10	-1	-1	1	5	1	12
NS15662C	12	10	-1	-1	1	5	2	10
NS15662C	13	10	-1	-1	1	5	2	7
NS15664E	11	8	-1	-1	3	1	2	10
NS15694N	11	8	-1	-1	3	1	1	10
NS15694N	12	8	-1	-1	3	1	2	9
NS15711F	11	2	2	1	1	4	1	12
NS15711F	26	2	2	3	1	4	2	6
NS15774B	26	1	4	1	1	5	2	1
NS15775C	11	6	0	-8	3	1	2	11
NS15787Z	11	3	2	1	2	2	1	14
NS15789B	26	4	-9	-9	-9	-9	1	7
NS15789B	27	-9	-9	-9	-9	5	2	3
NS15797T	12	8	-1	-1	3	1	1	15
NS15797T	26	3	1	1	1	3	1	5
NS15833Z	11	9	-1	-1	-1	-1	2	9
NS15840Q	26	1	0	6	1	4	2	8
NS15840Q	27	1	0	6	1	4	2	5
NS15842S	26	1	0	-9	3	4	1	1
NS15848Z	26	4	2	2	2	1	2	2
NS15869P	26	3	2	2	2	4	1	5
NS15869P	27	2	2	2	2	4	1	1
NS15890N	26	10	-1	-1	3	5	2	6
NS15890N	27	10	-1	-1	3	5	2	4
NS15893R	11	8	-1	-1	3	1	2	10
NS15898X	26	10	-1	-1	1	5	1	10
NS15898X	27	10	-1	-1	1	5	2	5
NS15904T	11	4	2	4	2	2	2	14
NS15904T	12	4	2	4	2	2	2	10
NS15938G	11	3	2	2	1	3	2	10
NS15938G	12	4	2	2	1	3	1	12
NS15938G	26	2	-9	-9	1	5	1	3
NS15955S	26	5	6	3	3	2	1	7
NS15993T	11	8	-1	-1	3	1	1	14
NS16009A	26	3	1	1	2	2	1	6
NS16009A	27	3	1	1	2	2	2	1
NS16009A	28	3	1	1	2	2	2	1
NS16057W	11	2	0	-8	3	3	2	9
NS16061J	26	-9	-9	-9	-9	5	-9	4
NS16061J	27	-9	-9	-9	-9	5	1	0
NS16062K	26	1	300	6	3	3	1	11
NS16062K	27	2	300	6	3	3	2	6
NS16064M	27	1	0	6	3	1	2	4
NS16071D	26	10	-1	-1	1	5	2	3
NS16078L	26	8	-1	-1	2	1	2	13
NS16098A	26	9	-1	-1	-1	-1	1	14
NS16098A	27	4	0	6	1	4	1	12
NS16098A	28	2	2	3	1	5	1	6
NS16099B	12	7	0	-9	2	1	1	10
NS16099B	26	7	0	6	3	1	2	3
NS16111N	11	4	2	2	1	1	1	12
NS16161L	26	2	5	2	1	4	1	13
NS16185E	11	2	2	1	1	4	1	9
NS16203Y	26	2	1	1	1	5	2	5
NS16203Y	27	2	1	1	1	5	2	0
NS16216W	26	4	0	6	1	1	2	6
NS16244C	13	4	4	3	1	1	1	8
NS16250S	11	4	2	2	3	3	2	10
NS16259C	26	3	3	1	2	3	1	8
NS16268W	26	6	6	3	1	5	1	4
NS16268W	27	6	6	3	1	5	2	2
NS16269X	26	10	-1	-1	1	5	2	2
NS16269X	27	10	-1	-1	1	5	1	0
NS16279R	12	3	4	2	1	1	1	8
NS16283E	26	10	-1	-1	1	3	2	9
NS16283E	27	10	-1	-1	1	3	2	5
NS16283E	28	10	-1	-1	1	3	1	0
NS16310R	26	9	-1	-1	-1	-1	1	7
NS16313V	11	4	2	2	3	1	2	11
NS16342C	11	10	-1	-1	1	5	2	8
NS16348J	26	10	-1	-1	1	5	1	9
NS16348J	27	10	-1	-1	1	5	1	5
NS16352X	12	4	2	2	1	4	2	9
NS16352X	26	4	2	2	1	4	2	5
NS16374N	11	4	4	2	1	5	2	9
NS16374N	26	4	2	2	1	5	1	2
NS16380D	26	3	4	1	3	3	1	6
NS16390Y	26	1	7	1	3	5	2	1
NS16395D	26	3	0	1	1	3	1	0
NS16422Q	27	8	-1	-1	3	1	2	0
NS16444G	11	2	3	2	1	5	1	9
NS16448L	26	10	-1	-1	3	1	1	2
NS16486M	26	3	2	1	1	3	2	5
NS16486M	27	2	2	1	1	3	1	2
NS16496G	11	5	0	-9	3	3	1	11
NS16496G	26	4	0	-9	3	3	2	2
NS16546L	11	2	5	1	1	4	2	10
NS16564Y	26	8	-1	-1	3	1	1	3
NS16565Z	26	8	-1	-1	3	1	1	14
NS16579Y	11	3	2	3	3	1	2	7
NS16592E	11	9	-1	-1	-1	-1	1	10
NS16592E	26	3	1	1	1	4	2	3
NS16599M	12	3	1	1	1	2	1	11
NS16599M	13	3	1	1	1	2	2	10
NS16602F	11	8	-1	-1	1	1	2	14
NS16602F	26	2	0	6	1	3	1	1
NS16606K	26	3	0	-9	2	4	1	4
NS16610Y	11	3	5	3	1	4	1	9
NS16610Y	26	3	5	3	1	4	2	6
NS16625Y	26	2	-9	-9	-9	4	2	7
NS16625Y	27	2	-9	-9	-9	4	1	3
NS16625Y	28	-9	-9	-9	-9	4	1	1
NS16661X	11	10	-1	-1	1	5	2	7
NS16678Z	26	6	0	6	2	1	2	15
NS16678Z	27	6	0	6	2	1	1	13
NS16697M	26	10	-1	-1	1	4	1	1
NS16701G	26	10	-1	-1	1	5	2	2
NS16709Q	13	10	-1	-1	3	5	2	9
NS16709Q	14	10	-1	-1	3	5	2	8
NS16709Q	26	10	-1	-1	3	5	1	1
NS16709Q	27	10	-1	-1	3	5	1	1
NS16723Y	12	1	2	3	2	2	1	11
NS16723Y	13	3	2	1	1	5	2	7
NS16747R	11	5	0	1	3	1	2	10
NS16784R	26	8	-1	-1	1	1	1	14
NS16794L	26	6	0	-9	1	5	2	11
NS16794L	27	1	3	1	1	5	1	1
NS16804M	11	3	8	3	1	5	1	15
NS16804M	12	2	10	3	1	5	1	11
NS16804M	13	7	0	6	3	2	2	7
NS16809S	26	4	2	2	1	3	1	5
NS16846S	12	1	0	6	3	5	2	16
NS16846S	13	1	0	6	3	5	2	14
NS16846S	14	2	0	6	3	5	1	13
NS16846S	15	2	0	6	3	5	2	11
NS16846S	16	2	0	6	3	5	1	10
NS16846S	18	3	0	6	3	5	1	8
NS16862C	26	1	7	1	1	5	2	3
NS16884T	12	3	2	1	2	3	2	8
NS16884T	26	3	2	1	2	3	2	3
NS16895P	11	3	1	1	1	3	1	13
NS16895P	12	8	-1	-1	2	1	2	8
NS16895P	26	8	-1	-1	2	1	2	7
NS16899T	12	8	-1	-1	3	1	1	12
NS16899T	13	8	-1	-1	3	1	2	8
NS16904P	12	2	4	1	3	4	1	8
NS16904P	26	2	4	1	3	4	2	4
NS16909V	26	5	3	4	3	1	2	6
NS16911F	11	8	3	1	3	3	2	11
NS16911F	12	8	-1	-1	3	3	1	9
NS16911F	26	8	-1	-1	3	3	2	3
NS16916L	26	10	-1	-1	3	5	-9	4
NS16925E	11	8	-1	-1	3	1	2	8
NS16939D	26	4	1	2	3	2	2	3
NS16989B	26	2	0	-8	3	4	2	13
NS17012H	26	3	2	1	1	4	1	4
NS17015L	12	8	-1	-1	3	1	1	10
NS17015L	13	2	7	2	3	5	2	8
NS17015L	14	2	7	2	3	5	1	7
NS17017N	12	3	3	2	1	2	2	11
NS17017N	13	3	3	2	1	2	2	6
NS17017N	26	3	3	2	1	2	2	4
NS17056Q	26	2	14	3	3	2	1	4
NS17072A	11	7	0	1	1	1	2	9
NS17083W	26	3	2	2	3	2	1	3
NS17083W	27	3	2	2	3	2	1	1
NS17087A	12	2	3	1	3	4	2	7
NS17112K	11	8	-1	-1	3	1	2	10
NS17112K	12	8	-1	-1	3	1	1	8
NS17133A	11	5	3	6	3	1	2	13
NS17147Z	26	2	3	1	1	5	2	9
NS17164K	11	1	-9	-9	1	4	2	10
NS17164K	26	1	-9	-9	1	4	2	1
NS17214P	26	10	-1	-1	1	5	1	1
NS17218T	11	4	2	2	2	3	1	10
NS17229P	26	2	11	2	3	2	1	7
NS17231A	12	10	-1	-1	1	4	2	13
NS17231A	13	10	-1	-1	1	4	2	11
NS17231A	14	10	-1	-1	1	4	1	7
NS17231A	26	10	-1	-1	1	4	2	1
NS17233C	12	4	8	3	1	3	2	7
NS17233C	27	4	8	3	1	2	1	2
NS17234D	11	7	0	-9	3	1	2	8
NS17239J	11	2	3	1	3	3	2	13
NS17239J	26	8	-1	-1	3	1	2	3
NS17239J	27	2	3	1	3	4	2	0
NS17251P	26	6	0	6	3	1	2	16
NS17251P	27	3	1	1	3	5	1	12
NS17251P	28	3	1	1	3	5	2	11
NS17253R	26	2	0	1	1	5	2	1
NS17270C	12	2	2	1	1	5	2	8
NS17285C	26	4	1	2	1	3	1	2
NS17290R	26	3	3	2	1	1	2	12
NS17290R	27	3	3	2	1	1	2	6
NS17306Z	12	5	2	3	2	1	1	11
NS17306Z	13	2	2	1	1	3	2	7
NS17321H	26	5	0	4	1	2	1	4
NS17321H	27	5	0	4	1	2	2	2
NS17360K	11	4	0	3	1	1	2	7
NS17360K	12	8	-1	-1	1	1	2	10
NS17438M	26	3	2	2	3	1	2	11
NS17438M	27	1	2	2	3	1	1	10
NS17438M	28	1	2	1	1	5	1	0
NS17449H	26	8	-1	-1	2	1	2	12
NS17449H	27	8	-1	-1	3	1	1	3
NS17459C	12	3	3	2	1	3	2	6
NS17469X	27	2	3	1	3	5	1	1
NS17491X	27	10	-1	-1	1	5	1	5
NS17499F	26	10	-1	-1	1	5	2	0
NS17530F	26	8	-1	-1	3	1	1	11
NS17530F	27	2	12	2	3	4	1	3
NS17536M	11	3	0	-8	3	3	2	16
NS17536M	26	1	2	1	1	5	2	1
NS17600Z	26	1	3	1	1	5	2	2
NS17619D	26	10	-1	-1	3	5	1	0
NS17629Y	26	2	12	2	1	3	2	9
NS17659G	26	2	6	3	1	5	1	8
NS17659G	27	2	6	3	1	5	2	5
NS17679W	26	1	2	1	1	3	1	7
NS17679W	27	1	2	1	1	3	1	3
NS17721R	12	8	-1	-1	3	1	2	15
NS17721R	13	8	-1	-1	1	1	1	13
NS17732M	11	1	-9	-9	1	5	1	11
NS17732M	26	1	-9	-9	1	5	2	4
NS17735Q	26	8	-1	-1	2	1	2	14
NS17735Q	27	1	15	3	1	5	2	10
NS17735Q	28	1	15	3	1	5	2	4
NS17777W	26	8	-1	-1	3	1	-9	3
NS17777W	27	8	-1	-1	3	1	-9	2
NS17792E	26	3	7	2	3	1	1	8
NS17792E	27	3	7	2	3	1	1	5
NS17803G	12	2	0	1	1	3	1	12
NS17803G	13	2	0	1	1	3	2	9
NS17803G	26	2	0	1	1	3	1	6
NS17803G	27	2	0	1	1	3	1	3
NS17803G	28	2	0	1	1	3	1	0
NS17805J	11	4	1	4	1	3	2	10
NS17809N	11	2	2	2	1	4	1	11
NS17818G	26	10	-1	-1	1	5	1	0
NS17824X	12	8	-1	-1	3	1	1	11
NS17824X	13	8	-1	-1	3	1	1	10
NS17824X	14	3	4	2	1	5	1	8
NS17831N	26	10	-1	-1	1	5	1	0
NS17848Q	12	3	1	1	1	2	1	12
NS17853E	26	1	-9	-9	3	-9	1	1
NS17857J	26	2	7	2	3	4	1	8
NS17857J	28	10	14	2	1	5	2	3
NS17868E	11	4	80	6	3	1	1	13
NS17879A	11	2	2	1	3	3	2	10
NS17894J	26	2	2	1	1	3	2	2
NS17942L	12	8	-1	-1	3	1	1	12
NS17958M	12	10	-1	-1	1	5	2	10
NS17958M	13	10	-1	-1	1	5	1	8
NS17975Y	26	1	2	1	3	5	2	0
NS17978B	28	1	5	1	3	3	1	6
NS17978B	29	1	5	1	3	3	2	5
NS17979C	26	4	2	2	1	1	1	15
NS17983Q	26	8	-1	-1	3	1	2	3
NS18013E	26	7	0	6	1	1	1	6
NS18022Y	12	2	14	3	3	1	2	14
NS18057M	11	2	4	1	3	5	2	11
NS18066F	26	10	-1	-1	1	5	2	5
NS18066F	27	10	-1	-1	1	5	2	2
NS18073X	12	8	-1	-1	2	1	2	10
NS18073X	13	8	-1	-1	2	1	1	7
NS18073X	26	8	-1	-1	2	1	2	2
NS18116K	26	1	-9	-9	1	5	2	4
NS18116K	27	1	-8	-9	1	5	1	0
NS18178E	26	3	3	1	1	4	2	3
NS18214K	11	8	-1	-1	3	1	2	14
NS18214K	12	8	-1	-1	3	1	1	12
NS18214K	13	8	-1	-1	3	1	1	8
NS18214K	26	2	0	1	1	5	2	2
NS18253M	12	7	0	6	1	1	1	14
NS18258S	12	1	0	-9	1	5	1	15
NS18258S	13	1	0	-9	1	5	1	14
NS18258S	14	1	0	-9	1	5	2	10
NS18258S	26	1	0	-9	1	5	1	2
NS18271Z	26	7	0	6	2	1	1	1
NS18293Q	26	2	4	1	3	1	1	5
NS18317Q	26	3	0	1	1	2	1	1
NS18317Q	27	3	0	1	1	2	2	11
NS18321D	26	2	0	1	1	5	1	2
NS18345X	11	1	12	2	3	2	1	11
NS18350L	26	1	4	1	3	4	2	9
NS18352N	11	8	-1	-1	3	1	1	12
NS18367N	12	5	0	1	2	1	1	10
NS18368P	26	3	1	1	1	3	2	11
NS18368P	27	3	1	1	1	3	2	7
NS18378J	26	10	-1	-1	1	5	1	6
NS18380V	26	-9	-9	-9	-9	-9	2	-9
NS18422G	12	2	-9	-9	1	5	1	11
NS18422G	13	2	-9	-9	1	5	2	9
NS18424J	26	8	-1	-1	3	1	1	6
NS18454S	27	8	-1	-1	3	1	1	10
NS18490R	12	2	3	1	3	4	2	8
NS18490R	26	2	3	1	3	4	1	2
NS18503W	26	8	-1	-1	1	1	1	6
NS18503W	27	2	0	1	3	4	2	0
NS18508B	26	8	-1	-1	3	1	-9	3
NS18542Y	26	6	0	6	3	4	2	5
NS18553T	11	3	1	1	3	1	2	9
NS18553T	12	3	1	1	3	1	2	7
NS18553T	26	3	1	1	3	1	1	5
NS18553T	27	3	1	1	3	1	1	2
NS18556X	26	3	0	-9	3	1	2	7
NS18556X	27	3	0	-9	2	4	2	2
NS18564P	26	2	3	1	1	5	2	5
NS18580Z	26	1	3	1	3	5	2	10
NS18580Z	27	1	3	1	3	5	1	7
NS18597B	26	10	-1	-1	3	5	1	2
NS18611Q	26	5	1	3	2	1	2	13
NS18612R	26	2	5	1	3	2	1	11
NS18615V	26	2	5	1	1	4	2	11
NS18678Q	26	5	21	4	3	3	1	3
NS18721M	26	8	-1	-1	3	1	1	4
NS18722N	12	5	6	4	3	2	1	12
NS18725R	12	2	3	1	1	5	1	10
NS18737N	26	1	7	1	1	5	2	0
NS18751W	26	7	-9	1	2	1	1	4
NS18751W	27	3	-9	1	2	1	2	1
NS18771K	11	3	2	1	3	4	2	8
NS18771K	12	3	2	1	3	4	2	11
NS18771K	26	3	2	1	3	4	2	11
NS18771K	27	3	2	1	3	4	1	2
NS18783G	26	10	-1	-1	1	5	-9	5
NS18809J	26	2	10	3	3	5	1	2
NS18863V	26	2	4	1	1	5	2	2
NS18865X	26	2	2	2	1	1	1	9
NS18865X	27	1	2	2	1	3	2	6
NS18865X	28	1	2	2	1	3	2	4
NS18865X	29	1	2	2	1	3	2	2
NS18868A	12	6	5	6	1	2	1	8
NS18885L	26	8	-1	-1	3	1	1	2
NS18888P	11	1	-8	-8	-8	5	2	10
NS18888P	12	-8	-8	-8	-8	-8	1	8
NS18888P	26	-8	-8	-8	-8	-8	1	2
NS18889Q	13	3	0	6	3	2	1	11
NS18889Q	14	3	0	6	3	2	1	10
NS18889Q	15	3	0	6	3	2	1	7
NS18889Q	26	3	0	6	3	2	2	6
NS18917D	26	10	-1	-1	3	5	2	2
NS18931L	26	3	2	2	1	5	1	4
NS18958H	26	10	-1	-1	1	5	2	0
NS18980H	12	2	2	1	1	3	1	12
NS18992E	26	8	-1	-1	3	1	1	12
NS18992E	27	3	2	2	1	3	1	9
NS18992E	28	10	-1	-1	1	4	1	2
NS19019G	26	2	6	1	1	2	2	10
NS19032N	26	6	12	5	-9	1	1	13
NS19032N	27	6	1	6	-9	1	2	9
NS19038V	11	8	-1	-1	3	1	1	13
NS19038V	26	3	1	2	3	1	2	6
NS19096K	12	5	1	3	1	3	2	12
NS19109P	26	4	2	2	1	2	2	4
NS19127B	11	8	-1	-1	3	1	2	13
NS19131P	26	8	-1	-1	3	1	2	8
NS19132Q	26	4	4	3	1	1	1	9
NS19132Q	27	4	4	3	1	1	2	7
NS19167E	26	10	-1	-1	1	5	1	1
NS19177Z	26	10	-1	-1	1	5	1	4
NS19214F	26	2	0	1	3	1	2	3
NS19214F	27	2	0	1	3	1	1	1
NS19221X	12	3	2	1	2	4	1	8
NS19257M	11	6	1	5	2	1	2	11
NS19267G	12	2	3	1	3	3	1	12
NS19267G	26	2	3	1	3	3	1	12
NS19309T	11	8	-1	-1	3	1	2	12
NS19309T	26	2	0	6	3	3	2	3
NS19309T	27	2	0	6	3	3	1	0
NS19345S	11	3	1	1	1	1	2	8
NS19348W	11	8	-1	-1	3	1	2	8
NS19360B	26	6	0	6	1	2	2	13
NS19360B	27	5	42	6	2	3	1	9
NS19402N	26	8	-1	-1	3	1	1	12
NS19408V	12	2	0	1	3	3	2	10
NS19408V	26	2	0	1	3	3	2	5
NS19419Q	11	6	0	6	3	2	1	15
NS19419Q	12	8	-1	-1	3	1	2	12
NS19422C	11	3	1	1	3	1	2	13
NS19422C	12	8	-1	-1	3	1	1	8
NS19493Q	11	7	0	6	3	1	1	10
NS19493Q	26	8	-1	-1	3	1	1	0
NS19505T	28	2	0	6	2	5	2	3
NS19505T	29	2	0	6	2	5	2	1
NS19515N	26	8	-1	-1	2	1	2	1
NS19524G	26	4	0	1	3	1	1	9
NS19553P	29	10	-1	-1	1	5	2	4
NS19571B	11	1	0	-9	1	5	2	11
NS19571B	26	1	0	-9	1	5	2	4
NS19571B	27	1	0	-9	1	5	1	1
NS19578J	12	8	-1	-1	3	1	1	13
NS19584Z	26	5	5	4	1	2	1	10
NS19591Q	26	7	0	5	2	1	1	2
NS19594T	26	6	0	6	3	1	2	13
NS19594T	27	6	0	6	3	1	2	7
NS19594T	28	4	28	6	3	1	1	5
NS19623H	26	3	2	1	3	5	2	4
NS19667Q	26	10	-1	-1	1	5	1	0
NS19678L	26	1	3	1	1	4	2	5
NS19684B	12	10	-1	-1	3	4	1	7
NS19684B	26	10	-1	-1	3	4	2	5
NS19688F	11	3	1	1	1	1	1	14
NS19688F	12	3	1	1	1	1	2	10
NS19695X	12	4	2	2	3	3	1	15
NS19695X	13	4	2	2	3	3	1	14
NS19705Y	13	4	2	2	1	1	2	7
NS19705Y	29	4	0	1	1	1	1	1
NS19721H	26	1	3	1	3	5	1	11
NS19721H	27	1	7	1	3	5	1	3
NS19721H	28	1	7	1	3	5	2	0
NS19725M	26	6	0	6	3	1	1	4
NS19725M	27	8	-1	-1	3	1	2	2
NS19725M	28	8	-1	-1	3	1	1	0
NS19749F	26	9	-1	-1	-1	-1	1	11
NS19749F	27	9	-1	-1	-1	-1	1	9
NS19751R	26	2	3	1	3	3	2	5
NS19752S	26	6	12	6	2	2	2	6
NS19758Z	26	2	2	3	2	2	2	8
NS19758Z	27	2	2	3	2	2	1	5
NS19761L	26	2	1	1	1	4	1	12
NS19761L	27	2	1	1	1	4	2	6
NS19770E	26	1	14	2	1	5	1	9
NS19770E	27	1	14	2	1	5	2	6
NS19770E	28	1	14	2	1	5	1	0
NS19772G	26	1	0	1	3	5	2	7
NS19772G	27	1	0	1	3	5	2	6
NS19772G	28	1	0	1	3	5	1	1
NS19775K	26	10	-1	-1	1	4	1	2
NS19780Z	12	4	0	6	2	2	2	8
NS19780Z	26	3	2	1	1	4	1	3
NS19787G	26	3	7	2	1	4	1	2
NS19790T	11	8	-1	-1	2	1	2	10
NS19792W	11	7	0	-8	1	1	2	17
NS19792W	12	7	0	-8	1	1	1	14
NS19792W	13	2	2	1	3	4	1	7
NS19792W	26	2	0	-8	3	4	2	1
NS19845D	12	7	0	6	3	1	1	12
NS19845D	13	7	0	6	3	1	1	10
NS19845D	26	7	0	6	3	1	2	5
NS19853W	26	10	-1	-1	1	5	2	1
NS19866T	26	2	0	-9	1	4	1	14
NS19866T	27	2	0	6	1	4	1	12
NS19866T	28	2	0	6	1	4	2	11
NS19866T	29	2	0	6	1	4	2	9
NS19866T	30	2	0	6	1	4	1	8
NS19866T	31	2	0	6	1	4	2	6
NS19885G	11	8	-1	-1	3	1	1	14
NS19916Y	26	8	-1	-1	3	1	-9	7
NS19918A	26	2	3	1	3	5	2	6
NS19927T	26	4	2	2	1	4	1	9
NS19927T	27	4	2	2	1	4	1	4
NS19927T	28	4	2	2	1	4	2	3
NS19944E	26	1	7	1	1	5	2	14
NS19944E	27	1	7	1	1	5	1	13
NS19944E	28	1	7	1	1	5	1	3
NS19949K	11	7	0	6	3	1	2	11
NS19949K	12	7	0	6	3	1	2	9
NS19949K	26	7	0	6	3	1	2	11
NS19949K	27	7	0	6	3	1	2	9
NS19949K	28	7	0	6	3	1	1	3
NS19954Z	26	2	-9	-9	-9	-9	1	8
NS19962R	26	3	1	1	3	4	1	11
NS19962R	27	8	-1	-1	3	1	2	12
NS19970J	11	3	2	1	1	2	1	11
NS19970J	12	3	2	1	1	2	1	8
NS19985J	26	3	0	6	3	3	1	3
NS19987L	11	8	-1	-1	3	1	1	8
NS19993B	11	2	4	1	3	4	2	9
NS19999H	11	4	7	2	3	5	2	10
NS20017D	26	3	1	4	1	2	1	1
NS20036R	12	4	1	3	3	1	1	14
NS20036R	13	8	-1	-1	3	1	1	12
NS20057G	26	3	1	2	1	4	2	9
NS20057G	27	3	1	2	1	4	1	6
NS20064Y	26	7	0	6	3	1	1	10
NS20075T	26	4	1	1	3	1	1	4
NS20075T	27	4	1	1	3	4	2	3
NS20085N	12	2	4	1	3	4	2	11
NS20085N	13	2	5	1	3	4	2	9
NS20089S	11	8	-1	-1	3	1	2	8
NS20105J	12	6	2	6	3	1	2	15
NS20121T	27	6	7	4	3	1	2	3
NS20121T	28	3	2	1	1	5	1	1
NS20147P	26	4	2	3	2	3	1	9
NS20148Q	12	5	2	2	1	2	1	9
NS20163Z	12	1	7	1	1	3	2	11
NS20163Z	13	1	7	1	1	3	1	9
NS20169F	12	4	1	4	2	3	2	10
NS20186R	26	2	0	6	2	3	2	0
NS20189V	26	6	0	6	3	1	2	15
NS20189V	27	4	2	2	3	1	1	12
NS20189V	28	4	2	2	3	1	2	7
NS20195K	12	3	2	2	1	5	2	12
NS20197M	12	2	0	1	1	1	1	10
NS20197M	26	2	0	1	1	1	2	5
NS20197M	27	2	0	1	1	3	1	4
NS20197M	28	2	0	1	1	1	2	3
NS20197M	29	2	0	1	1	1	1	10
NS20231Q	11	2	4	1	1	3	1	8
NS20231Q	26	2	4	1	1	3	1	6
NS20287V	11	8	-1	-1	1	1	2	13
NS20287V	12	9	-1	-1	-1	-1	1	10
NS20287V	26	8	-1	-1	3	1	2	3
NS20335X	26	2	4	1	3	4	2	5
NS20335X	27	2	4	1	3	4	2	4
NS20367H	12	1	0	1	3	3	2	7
NS20367H	26	1	0	1	3	3	1	4
NS20400K	26	1	-9	1	1	5	2	0
NS20418N	11	3	0	-8	2	1	1	8
NS20433X	26	2	3	1	3	5	1	6
NS20475C	11	8	-1	-1	3	1	1	15
NS20475C	13	8	-1	-1	3	1	1	12
NS20476D	11	4	2	2	1	3	1	12
NS20476D	12	2	5	2	1	4	2	8
NS20515M	26	4	1	2	1	2	2	13
NS20515M	27	4	1	2	1	2	2	10
NS20515M	28	3	0	1	1	5	2	1
NS20517P	11	8	-1	-1	3	1	1	9
NS20533Z	11	2	4	1	1	5	1	12
NS20533Z	26	10	-1	-1	1	5	2	2
NS20558T	11	3	2	1	3	1	1	12
NS20558T	12	2	2	1	3	1	1	11
NS20559V	12	1	0	6	1	5	2	12
NS20559V	13	1	0	6	1	5	1	7
NS20573C	12	2	3	1	3	2	2	9
NS20581V	11	1	2	1	1	4	1	8
NS20589D	26	7	0	6	2	2	2	2
NS20599Y	12	8	-1	-1	1	1	2	12
NS20599Y	13	8	-1	-1	1	1	1	9
NS20601Q	26	1	0	1	1	3	1	16
NS20601Q	27	1	0	1	1	3	2	14
NS20601Q	28	1	0	1	1	3	2	10
NS20601Q	29	1	0	1	1	3	2	3
NS20611K	12	4	1	3	2	3	2	10
NS20611K	26	4	1	5	2	3	1	1
NS20626K	26	1	-8	2	1	5	2	7
NS20626K	27	1	-8	1	1	5	2	4
NS20632A	12	4	2	2	1	3	1	8
NS20632A	13	4	2	2	1	3	2	7
NS20636E	26	10	-1	-1	1	5	2	0
NS20649C	26	3	1	1	1	2	2	4
NS20650M	11	8	-1	-1	1	1	1	12
NS20650M	12	2	3	1	1	5	2	7
NS20650M	26	2	3	1	1	5	1	4
NS20652P	26	10	-1	-1	1	4	1	2
NS20657V	26	8	-1	-1	3	1	2	12
NS20682Y	26	10	-1	-1	3	5	1	0
NS20687D	12	3	2	1	3	3	1	7
NS20687D	26	3	2	1	3	3	2	4
NS20730A	26	6	2	4	1	1	2	12
NS20753S	11	3	1	1	3	4	2	7
NS20753S	26	3	1	1	3	4	1	5
NS20754T	11	8	-1	-1	3	1	2	15
NS20784C	11	3	0	1	1	3	2	11
NS20784C	27	3	0	1	1	3	2	4
NS20815T	11	2	7	1	3	2	2	12
NS20815T	12	2	7	1	3	3	2	8
NS20828R	26	3	1	1	1	3	1	3
NS20830C	12	4	2	2	3	1	2	12
NS20830C	13	4	2	2	3	1	1	11
NS20857Z	11	8	-1	-1	3	1	2	10
NS20857Z	26	8	-1	-1	3	1	1	5
NS20872H	12	5	3	6	3	1	2	15
NS20872H	13	2	3	2	1	2	1	13
NS20872H	14	2	3	2	1	2	1	8
NS20872H	26	2	3	2	1	2	1	3
NS20883D	12	8	-1	-1	1	1	2	9
NS20892X	11	7	0	-9	3	1	2	13
NS20912S	26	1	1	1	3	5	2	3
NS20921L	12	3	3	1	1	4	2	8
NS20922M	26	1	-9	-9	3	4	1	1
NS20922M	27	1	7	-9	3	4	2	1
NS20925Q	26	2	-9	-9	1	4	1	3
NS20925Q	27	8	-1	-1	1	1	2	0
NS20931F	26	1	0	1	1	3	1	0
NS20940Z	26	10	-1	-1	1	5	1	1
NS20943C	26	4	2	2	3	4	2	12
NS21002Z	11	2	3	1	3	3	2	10
NS21019B	26	6	0	6	3	1	2	11
NS21027T	11	8	-1	-1	3	5	2	6
NS21027T	26	8	-1	-1	3	1	2	5
NS21027T	27	8	0	-1	3	1	2	1
NS21104D	26	2	6	1	1	5	1	1
NS21105E	12	5	2	3	1	3	1	13
NS21119D	12	4	3	2	3	1	1	11
NS21119D	13	4	3	2	3	1	1	7
NS21151Y	26	7	3	5	2	1	2	3
NS21167Z	26	10	-1	-1	1	4	1	2
NS21182H	26	8	-1	-1	2	1	1	11
NS21192C	15	3	1	1	3	3	1	8
NS21199K	12	3	0	6	1	1	1	7
NS21199K	26	3	0	6	1	1	1	6
NS21209L	12	8	-1	-1	1	1	2	10
NS21209L	26	4	2	3	1	1	1	5
NS21210W	27	1	1	1	1	5	2	7
NS21218E	12	2	7	2	3	5	2	7
NS21218E	26	2	7	2	3	5	1	4
NS21242G	11	5	3	6	3	1	1	11
NS21242G	12	5	3	6	3	1	1	8
NS21242G	26	5	3	6	3	1	1	5
NS21245K	11	8	-1	-1	2	1	1	11
NS21285N	11	1	-8	-8	-8	5	1	13
NS21285N	12	1	-8	-8	3	5	1	8
NS21312A	26	2	7	2	3	4	1	5
NS21312A	27	2	7	2	3	4	2	3
NS21327A	11	3	2	1	3	5	1	8
NS21330M	26	2	5	1	1	5	2	8
NS21330M	27	1	7	1	1	5	1	2
NS21338W	26	5	0	6	3	1	2	-9
NS21338W	27	5	0	6	3	1	1	-9
NS21338W	28	8	-1	-1	3	1	2	-9
NS21338W	29	5	0	6	3	1	1	-9
NS21351C	26	7	0	6	3	1	1	14
NS21351C	27	4	2	2	2	1	2	10
NS21351C	28	2	0	1	1	3	2	3
NS21380K	11	10	-1	-1	3	5	2	6
NS21392G	11	8	-1	-1	3	1	2	13
NS21414E	26	1	2	1	2	5	1	5
NS21414E	27	1	2	1	2	5	2	1
NS21414E	28	1	2	1	2	5	1	0
NS21460Y	26	2	4	1	3	5	1	8
NS21479C	11	8	-1	-1	3	1	2	13
NS21479C	12	8	-1	-1	3	1	2	11
NS21479C	26	8	-1	-1	3	1	2	3
NS21480M	11	8	-1	-1	3	1	1	11
NS21480M	26	10	-1	-1	1	5	1	0
NS21494L	12	8	-1	-1	3	1	1	10
NS21494L	13	8	-1	-1	3	1	2	8
NS21494L	14	8	-1	-1	3	1	1	7
NS21508R	26	2	4	1	3	2	1	4
NS21509S	26	4	0	6	2	3	1	1
NS21520X	12	2	2	2	1	5	2	8
NS21520X	13	2	2	2	1	5	2	6
NS21569K	12	2	0	1	1	3	2	7
NS21569K	26	2	0	1	1	3	1	4
NS21588Y	26	3	1	2	3	5	1	6
NS21589Z	11	5	0	6	1	1	2	9
NS21602M	26	2	3	1	3	5	2	13
NS21623C	26	2	0	1	1	3	2	4
NS21623C	27	2	0	1	1	3	2	1
NS21648X	12	2	7	2	3	5	1	11
NS21648X	26	8	-1	-1	1	1	1	5
NS21681S	26	2	0	1	3	3	1	0
NS21719R	11	3	0	6	2	4	1	12
NS21723E	26	8	-1	-1	3	1	1	9
NS21748Z	11	8	-1	-1	3	1	1	9
NS21748Z	26	2	1	1	2	3	2	3
NS21788C	26	8	-1	-1	3	1	2	4
NS21793R	11	8	-1	-1	3	1	2	11
NS21796V	11	3	2	1	1	1	2	11
NS21796V	12	8	-1	-1	1	1	1	8
NS21796V	26	2	3	1	1	4	1	6
NS21796V	27	2	3	1	1	4	2	5
NS21796V	28	2	3	1	1	4	2	0
NS21810J	26	10	-1	-1	1	5	2	8
NS21810J	27	10	-1	-1	1	5	1	1
NS21831Z	11	2	3	1	3	1	1	10
NS21833B	26	2	2	1	3	2	1	4
NS21845Y	12	6	12	6	1	3	2	11
NS21872D	11	4	2	2	3	1	2	10
NS21902T	12	1	-9	-9	3	5	2	6
NS21902T	26	1	-9	-9	3	5	1	1
NS21933D	26	10	-1	-1	3	5	1	4
NS21937H	26	4	3	2	3	5	2	5
NS22020G	11	3	0	6	2	1	1	10
NS22025M	12	10	-1	-1	3	5	1	9
NS22025M	13	10	-1	-1	3	5	2	7
NS22027P	11	5	0	-9	3	1	2	12
NS22027P	12	9	-1	-1	-1	-1	2	7
NS22067S	12	6	0	5	1	1	1	14
NS22067S	13	4	1	1	1	3	1	12
NS22084D	26	2	2	1	1	5	1	1
NS22103Y	11	3	2	1	2	4	2	12
NS22103Y	12	3	2	1	2	4	1	7
NS22142A	11	2	2	1	1	3	2	10
NS22153W	26	8	-1	-1	2	3	2	0
NS22173K	26	2	1	1	1	5	1	0
NS22175M	11	3	1	2	1	3	1	9
NS22178Q	26	10	-1	-1	3	5	2	3
NS22178Q	27	8	-1	-1	3	5	1	0
NS22180B	26	3	1	2	1	4	2	2
NS22180B	27	3	0	1	1	3	1	0
NS22204B	12	3	7	2	3	3	2	13
NS22225R	11	2	6	3	1	4	1	14
NS22231G	11	4	2	2	1	3	1	11
NS22231G	12	4	2	2	1	3	1	7
NS22231G	26	4	2	2	1	3	2	0
NS22241B	26	3	5	3	1	3	1	5
NS22254Z	11	8	-1	-1	3	1	1	7
NS22254Z	27	8	-1	-1	3	1	1	3
NS22262R	26	1	0	1	3	3	2	4
NS22262R	27	1	0	1	3	3	2	0
NS22280D	12	10	-1	-1	3	5	2	8
NS22280D	26	10	-1	-1	1	5	2	5
NS22284H	11	3	2	1	3	3	2	15
NS22284H	12	3	2	1	3	3	2	7
NS22307G	26	5	0	3	3	1	2	12
NS22307G	27	3	2	1	1	4	1	10
NS22327W	11	8	-1	-1	3	1	2	8
NS22327W	26	8	-1	-1	1	3	2	5
NS22365X	26	1	3	3	1	1	1	0
NS22367Z	12	3	1	1	1	1	1	8
NS22376S	12	3	5	1	1	3	1	10
NS22376S	27	3	5	1	3	3	1	0
NS22380F	26	2	2	1	2	5	1	2
NS22380F	27	2	0	1	2	5	2	0
NS22380F	28	2	0	1	2	5	1	0
NS22385L	26	1	0	6	1	5	2	0
NS22386M	12	1	3	2	2	5	2	10
NS22392C	26	3	1	1	1	1	2	8
NS22408K	26	10	-1	-1	3	4	1	3
NS22408K	27	10	-1	-1	3	4	1	1
NS22425W	27	1	0	1	-8	5	2	4
NS22425W	28	1	0	1	-9	5	1	1
NS22440E	26	3	1	1	1	3	1	6
NS22531N	13	8	-1	-1	3	1	1	14
NS22548Q	26	8	-1	-1	2	1	1	5
NS22573T	12	1	0	6	1	5	2	12
NS22573T	13	1	0	6	1	5	1	9
NS22618J	26	10	-1	-1	1	4	2	0
NS22630P	26	8	-1	-1	3	1	2	6
NS22642L	11	8	-1	-1	3	1	2	12
NS22642L	26	2	3	1	1	5	1	5
NS22649T	11	4	4	3	1	5	2	9
NS22659N	11	3	1	1	1	2	1	10
NS22659N	26	3	1	1	1	2	1	4
NS22667F	26	1	7	1	1	5	1	4
NS22683Q	26	2	3	1	1	5	1	6
NS22683Q	27	2	3	1	1	5	2	2
NS22687V	26	3	2	1	2	3	1	2
NS22687V	27	2	0	1	3	3	2	0
NS22697P	12	2	3	1	1	4	1	11
NS22698Q	26	2	0	6	3	1	1	12
NS22699R	26	2	2	1	3	4	2	5
NS22719M	26	4	2	2	1	3	2	6
NS22719M	27	4	2	2	1	3	1	5
NS22719M	28	3	1	1	2	3	1	1
NS22731S	26	7	0	6	3	1	2	3
NS22734W	26	6	-9	-9	3	1	1	11
NS22771W	12	2	3	1	1	5	1	7
NS22784T	26	3	1	1	1	1	2	6
NS22787X	11	4	2	2	1	3	2	10
NS22812G	11	4	2	3	1	3	2	13
NS22812G	27	1	3	1	1	4	2	5
NS22852K	11	8	-1	-1	3	1	1	10
NS22852K	12	8	-1	-1	3	1	2	8
NS22871Y	12	8	-1	-1	3	1	1	11
NS22871Y	13	8	-1	-1	3	1	1	10
NS22887Z	26	10	-1	-1	1	5	2	0
NS22893P	11	2	2	1	1	5	2	11
NS22905S	11	1	0	6	1	4	2	8
NS22905S	27	1	0	6	1	4	1	4
NS22949A	26	10	-1	-1	1	5	1	5
NS22949A	27	10	-1	-1	1	5	2	1
NS22992Q	26	3	2	1	2	5	1	11
NS22992Q	27	3	2	1	2	5	2	8
NS23005T	26	10	-1	-1	1	5	2	2
NS23005T	27	10	-1	-1	1	5	2	0
NS23006V	26	10	-1	-1	1	5	2	10
NS23006V	27	10	-1	-1	1	5	2	9
NS23006V	28	10	-1	-1	1	5	2	3
NS23047Z	26	8	-1	-1	3	1	1	12
NS23047Z	27	8	-1	-1	3	1	2	11
NS23055R	26	10	-1	-1	1	5	1	2
NS23059W	11	3	1	2	2	3	2	8
NS23068P	26	5	0	6	1	1	1	6
NS23068P	27	5	0	6	1	1	2	2
NS23082X	26	2	2	1	3	5	1	10
NS23097X	26	2	4	1	1	4	2	2
NS23107Y	26	1	7	1	1	5	1	9
NS23107Y	27	1	7	1	1	5	2	7
NS23107Y	28	1	7	1	1	5	2	3
NS23107Y	29	1	7	1	1	5	1	0
NS23110K	26	-9	-9	-9	-9	-9	2	12
NS23110K	27	-9	-9	-9	-9	-9	2	0
NS23113N	11	5	0	6	3	3	2	9
NS23113N	26	5	0	6	3	3	2	6
NS23121F	26	2	1	1	1	4	1	4
NS23121F	27	2	0	1	1	4	2	1
NS23123H	26	10	-1	-1	1	5	1	9
NS23123H	27	10	-1	-1	1	5	2	3
NS23133C	26	4	1	2	2	4	1	11
NS23140T	11	3	0	-9	3	1	2	10
NS23140T	26	8	-1	-1	3	1	2	4
NS23158X	12	8	-1	-1	3	1	2	13
NS23158X	13	8	-1	-1	3	1	1	12
NS23158X	14	8	-1	-1	3	1	2	7
NS23180X	26	4	2	2	1	1	2	11
NS23210M	26	8	-1	-1	3	1	2	10
NS23210M	27	8	-1	-1	3	1	1	9
NS23234F	12	8	-1	-1	3	1	1	7
NS23234F	26	8	-1	-1	3	1	2	6
NS23234F	27	8	-1	-1	3	1	2	5
NS23284D	12	2	10	2	3	5	1	12
NS23284D	13	2	10	2	3	5	2	9
NS23299D	26	2	0	6	1	5	1	2
NS23362P	26	2	14	3	1	4	2	12
NS23373K	26	1	2	1	1	5	2	2
NS23373K	27	1	2	1	1	5	1	0
NS23396C	11	8	-1	-1	3	1	2	13
NS23396C	12	8	-1	-1	3	1	1	10
NS23406D	12	4	4	3	1	3	1	14
NS23406D	13	8	-1	-1	3	1	1	11
NS23428V	26	9	-1	-1	-1	-1	2	12
NS23428V	27	9	-1	-1	-1	-1	1	11
NS23459E	26	4	4	3	1	1	2	11
NS23473M	12	3	2	1	1	2	1	7
NS23473M	26	3	2	1	1	2	2	5
NS23506F	26	4	0	1	1	1	1	4
NS23516A	11	8	-1	-1	3	1	2	11
NS23525T	11	1	8	2	3	2	2	8
NS23525T	27	1	8	2	3	2	1	6
NS23539S	26	8	-1	-1	3	1	2	11
NS23539S	27	10	-1	-1	1	5	2	3
NS23551Y	26	10	7	1	3	5	2	4
NS23551Y	27	10	-1	-1	3	5	1	1
NS23566Y	26	10	-1	-1	3	4	2	12
NS23566Y	27	10	-1	-1	3	4	1	9
NS23602D	26	8	-1	-1	3	1	1	8
NS23677W	26	10	-1	-1	3	5	2	0
NS23687Q	13	8	-1	-1	3	1	1	8
NS23716E	26	8	-1	-1	3	1	-9	13
NS23735S	26	1	6	2	1	3	1	3
NS23735S	27	1	6	2	1	3	1	1
NS23736T	12	3	2	2	1	3	2	8
NS23736T	26	3	2	2	1	3	1	5
NS23745M	26	4	0	6	2	1	2	5
NS23745M	27	4	0	6	2	1	2	1
NS23766C	11	1	4	2	2	3	2	11
NS23784P	11	7	0	-9	3	1	2	9
NS23785Q	11	6	0	6	1	1	1	9
NS23786R	11	2	0	1	3	3	2	7
NS23786R	12	2	0	1	3	3	2	7
NS23800F	26	10	-1	-1	1	5	1	1
NS23806M	26	6	0	6	3	1	2	3
NS23806M	27	1	2	1	1	4	1	8
NS23832R	26	7	0	-8	2	2	1	3
NS23839Z	26	1	3	1	1	5	2	6
NS23839Z	27	1	3	1	1	5	2	5
NS23857L	11	3	0	6	3	3	1	12
NS23857L	26	3	0	6	3	3	1	5
NS23868G	26	2	3	1	3	1	2	9
NS23880M	26	1	52	1	1	5	1	0
NS23893K	26	1	8	2	3	5	2	6
NS23894L	11	1	0	1	1	3	2	11
NS23894L	27	1	0	1	1	3	1	4
NS23894L	28	1	0	1	1	3	2	2
NS23904M	26	-9	-9	-9	-9	-9	-9	-9
NS23904M	27	-9	-9	-9	-9	-9	-9	-9
NS23931S	26	8	-1	-1	3	1	1	3
NS23948V	12	9	-1	-1	-1	-1	2	7
NS23992L	11	6	0	6	3	1	2	9
NS24012F	26	1	7	-9	1	4	2	2
NS24012F	27	1	7	-8	1	4	1	3
NS24020Y	12	2	4	1	3	1	2	9
NS24028G	26	4	1	1	2	2	1	6
NS24028G	27	4	1	1	2	2	1	3
NS24043Q	26	4	0	-8	2	1	2	12
NS24043Q	27	2	4	3	3	1	1	9
NS24043Q	28	2	4	3	3	1	1	4
NS24053K	12	2	6	2	3	5	1	10
NS24053K	13	2	6	2	3	5	1	8
NS24061C	12	4	2	2	1	3	2	9
NS24061C	26	3	2	1	1	5	2	0
NS24090K	26	10	-1	-1	1	5	1	0
NS24106S	11	5	4	3	3	1	2	12
NS24161E	26	8	-1	-1	3	1	2	5
NS24184X	12	4	2	2	1	3	1	8
NS24222E	26	4	0	6	1	3	2	2
NS24242T	26	1	7	-9	1	1	2	5
NS24256S	26	1	2	2	1	5	2	6
NS24262H	11	6	0	6	3	1	2	10
NS24263J	12	1	5	1	3	4	1	10
NS24338H	26	3	2	1	3	3	1	5
NS24346A	26	1	-9	-9	1	5	2	1
NS24388F	12	8	-1	-1	2	1	1	15
NS24388F	13	8	-1	-1	2	1	2	12
NS24388F	26	10	-1	-1	1	5	2	6
NS24388F	27	10	-1	-1	1	5	2	1
NS24396Y	11	1	7	1	1	5	1	8
NS24396Y	26	1	7	1	1	5	2	6
NS24396Y	27	1	7	1	1	5	2	3
NS24398A	11	8	-1	-1	3	1	1	13
NS24398A	12	8	-1	-1	3	1	2	6
NS24406Z	28	10	-1	-1	1	5	2	8
NS24406Z	29	10	-1	-1	1	5	2	0
NS24419X	11	2	2	1	1	3	2	12
NS24419X	12	2	2	1	1	3	1	11
NS24419X	13	2	2	1	1	3	2	9
NS24419X	14	2	2	1	1	3	2	8
NS24419X	26	2	2	1	1	3	2	6
NS24419X	27	2	2	1	1	3	2	6
NS24436H	26	2	1	4	1	3	1	5
NS24436H	27	2	1	6	1	3	2	3
NS24437J	26	2	7	2	1	4	1	4
NS24480Z	11	8	-1	-1	2	1	1	12
NS24480Z	12	8	-1	-1	3	1	1	10
NS24506B	11	5	12	6	1	1	2	8
NS24506B	26	5	12	6	1	1	2	6
NS24509E	26	8	-1	-1	3	1	2	6
NS24517X	26	10	-1	-1	-9	5	1	7
NS24517X	27	10	-1	-1	-9	5	2	4
NS24536K	26	7	0	6	3	1	1	4
NS24551T	12	8	-1	-1	3	1	2	13
NS24551T	13	8	-1	-1	3	1	2	9
NS24551T	14	8	-1	-1	3	1	1	8
NS24560M	26	8	-1	-1	1	1	1	5
NS24587J	26	8	-1	-1	3	1	2	3
NS24606D	26	4	2	2	1	2	2	3
NS24623P	26	10	-1	-1	2	5	2	2
NS24623P	27	10	-1	-1	2	5	1	0
NS24627T	26	8	-1	-1	3	1	1	5
NS24634K	12	4	8	3	1	3	2	12
NS24634K	13	4	8	3	1	3	2	9
NS24634K	26	9	-1	-1	-1	-1	1	4
NS24685J	26	8	-1	-1	3	1	1	9
NS24687L	11	5	0	6	3	1	1	12
NS24721P	26	3	0	1	1	3	2	0
NS24726V	26	1	0	1	3	5	1	1
NS24726V	27	1	0	1	3	5	2	0
NS24748L	26	6	0	6	3	1	1	11
NS24748L	27	8	-1	-1	3	1	1	9
NS24750X	12	3	2	2	3	5	1	11
NS24751Y	26	5	28	4	3	2	2	2
NS24758F	26	10	-1	-1	1	5	1	3
NS24762T	11	8	-1	-1	3	1	1	14
NS24762T	12	8	-1	-1	3	1	2	13
NS24768A	26	4	1	3	3	3	2	14
NS24801C	11	8	-1	-1	3	1	2	12
NS24804F	26	1	2	1	1	3	2	10
NS24816C	11	2	4	1	1	5	1	10
NS24816C	12	2	4	1	1	5	2	8
NS24834P	15	3	1	3	3	1	1	13
NS24848N	12	8	-1	-1	3	1	2	11
NS24848N	26	8	-1	-1	3	1	2	3
NS24854D	27	8	-1	-1	3	1	2	7
NS24914C	26	-9	-9	-9	-9	-9	2	4
NS24914C	27	-9	-9	-9	-9	-9	2	3
NS24914C	28	-9	-9	-9	-9	-9	1	-8
NS24937V	26	4	1	2	2	3	1	9
NS24937V	27	4	1	2	2	3	2	7
NS24937V	28	4	1	2	2	3	1	7
NS24970Q	26	10	-1	-1	1	5	2	6
NS24970Q	27	10	-1	-1	1	5	1	4
NS24979A	12	3	2	1	3	1	2	11
NS24980K	26	2	2	3	3	5	1	14
NS24980K	27	8	-1	-1	3	1	2	6
NS24990E	27	1	4	1	1	5	2	8
NS24990E	28	1	4	1	1	5	1	10
NS25012B	12	2	4	1	1	4	1	8
NS25014D	26	8	-1	-1	2	1	2	3
NS25015E	26	10	-1	-1	1	5	2	5
NS25015E	27	10	-1	-1	1	5	2	1
NS25045N	12	1	4	1	3	3	1	10
NS25079B	11	6	0	6	1	1	1	9
NS25093J	26	10	-1	-1	1	5	2	1
NS25093J	27	10	-1	-1	1	5	1	0
NS25103K	12	8	-1	-1	2	1	2	7
NS25114F	11	6	10	4	1	2	2	8
NS25190H	11	8	-1	-1	1	1	2	10
NS25190H	12	9	-1	-1	-1	-1	1	6
NS25190H	26	9	-1	-1	-1	-1	1	4
NS25235Y	26	1	2	1	3	5	1	5
NS25241N	12	3	1	1	1	5	1	7
NS25242P	11	8	-1	-1	3	1	1	13
NS25242P	26	1	0	6	3	4	1	6
NS25242P	27	8	-1	-1	3	1	1	13
NS25257P	26	5	0	1	3	1	1	4
NS25282S	26	8	-1	-1	3	1	2	13
NS25323D	26	4	52	6	3	2	2	1
NS25342R	11	3	0	-9	2	3	2	13
NS25342R	26	2	0	-9	1	4	1	1
NS25422E	26	8	-1	-1	2	1	2	14
NS25427K	26	3	2	1	1	4	2	11
NS25427K	27	3	2	2	1	3	2	9
NS25445X	26	1	3	4	1	5	2	11
NS25445X	27	1	3	4	1	5	1	10
NS25459W	26	7	0	6	3	1	2	14
NS25459W	27	3	0	6	1	3	2	12
NS25459W	28	3	2	1	1	4	2	10
NS25459W	29	3	2	1	1	4	2	9
NS25459W	30	3	2	1	1	4	2	6
NS25463J	11	9	-1	-1	-1	-1	2	12
NS25486B	11	2	2	1	2	5	2	10
NS25486B	26	1	2	1	1	5	1	5
NS25554S	11	4	2	2	1	3	2	11
NS25554S	12	4	2	2	1	3	1	8
NS25558X	26	3	0	1	1	3	1	15
NS25558X	27	3	0	1	1	3	2	13
NS25558X	28	3	0	1	1	3	2	7
NS25582Z	12	8	-1	-1	1	1	2	10
NS25634F	26	1	7	1	1	3	1	6
NS25640W	26	1	2	1	3	5	1	8
NS25640W	27	1	2	1	3	5	1	2
NS25640W	28	1	2	1	3	5	1	0
NS25692W	11	1	6	1	1	3	2	13
NS25692W	26	1	6	1	1	4	2	2
NS25713S	12	8	-1	-1	3	1	1	14
NS25754X	11	2	3	1	1	3	2	11
NS25754X	12	2	3	1	1	3	2	9
NS25755Y	11	5	4	6	1	1	1	10
NS25765S	11	9	-1	-1	-1	-1	1	7
NS25781C	26	1	3	1	3	5	1	12
NS25781C	27	1	3	1	3	5	2	8
NS25795B	26	3	1	1	1	3	1	7
NS25795B	27	3	1	1	1	3	1	5
NS25811S	26	2	2	1	3	3	2	4
NS25836M	12	2	4	1	1	5	2	11
NS25836M	13	2	4	1	1	5	2	7
NS25847H	26	8	-1	-1	3	1	2	13
NS25847H	27	8	-1	-1	3	1	2	11
NS25863S	26	4	1	2	1	3	2	13
NS25864T	26	2	3	1	2	5	1	3
NS25867X	11	8	-1	-1	3	1	2	15
NS25867X	26	9	-1	-1	-1	-1	2	4
NS25870J	11	8	-1	-1	3	1	1	14
NS25870J	12	7	0	-8	3	1	2	13
NS25870J	13	8	-1	-1	3	1	1	8
NS25870J	26	7	0	-8	2	1	2	4
NS25906F	27	3	2	1	3	4	1	11
NS25940C	26	8	-1	-1	3	1	1	4
NS25958F	26	1	3	1	3	5	1	2
NS25962T	26	5	2	3	1	2	1	4
NS25970L	26	10	-1	-1	1	5	1	0
NS25998J	26	4	2	5	3	4	2	4
NS26000A	26	5	0	6	3	1	1	1
NS26002C	26	2	4	1	3	4	1	2
NS26036Q	26	2	4	1	3	5	-9	5
NS26081H	11	8	-1	-1	3	1	1	11
NS26083K	12	3	2	1	3	4	1	10
NS26083K	26	3	2	1	3	4	1	6
NS26100C	11	5	1	4	1	1	2	11
NS26100C	12	2	1	4	1	4	1	7
NS26100C	26	2	1	4	1	4	2	5
NS26121S	26	4	4	3	3	3	1	10
