NSID	W4JHAct	W4ActivityIteration	W4JHStY	W4JHStM	W4JHStMDK
NS10001S	5	1	2006	5	-91
NS10008A	5	1	2006	6	-91
NS10011M	1	1	2006	9	-91
NS10024K	4	1	2006	9	-91
NS10032C	1	1	2007	3	-91
NS10032C	5	2	2006	12	-91
NS10032C	4	3	2006	8	-91
NS10039K	1	1	2006	9	-91
NS10040V	8	1	2006	6	-91
NS10043Y	7	1	2007	6	-91
NS10043Y	5	2	2007	1	-91
NS10043Y	1	3	2006	9	-91
NS10063M	1	1	2006	9	-91
NS10085D	10	1	2007	2	-91
NS10085D	8	2	2006	7	-91
NS10090S	1	1	2006	9	-91
NS10108C	1	1	2006	9	-91
NS10110N	10	1	2006	7	-91
NS10128R	7	1	2006	9	-91
NS10147E	5	1	2006	6	-91
NS10151S	8	1	2006	6	-91
NS10161M	4	1	2006	3	-91
NS10166S	9	1	2006	7	-91
NS10168V	1	1	2006	9	-91
NS10179Q	3	1	2007	1	-91
NS10179Q	1	2	2006	9	-91
NS10192X	1	1	2006	9	-91
NS10194Z	4	1	2006	6	-91
NS10201X	5	1	2006	6	-91
NS10207D	1	1	2006	9	-91
NS10214V	1	1	2006	3	-91
NS10222M	1	1	2006	9	-91
NS10224P	1	1	2006	9	-91
NS10226R	2	1	2007	1	-91
NS10226R	1	2	2006	9	-91
NS10229V	1	1	-1	-91	1
NS10238N	4	1	2006	9	-91
NS10249J	1	1	2006	12	-91
NS10249J	5	2	2006	7	-91
NS10251V	5	1	2006	7	-91
NS10260N	1	1	2006	9	-91
NS10264S	1	1	2006	9	-91
NS10284G	1	1	2006	9	-91
NS10291Y	1	1	2006	9	-91
NS10306E	4	1	2006	10	-91
NS10306E	1	2	-1	-91	1
NS10327V	5	1	2006	5	-91
NS10333K	5	1	2006	1	-91
NS10347J	10	1	2006	9	-91
NS10358E	5	1	2007	4	-91
NS10358E	7	2	2006	10	-91
NS10358E	9	3	2006	7	-91
NS10383H	8	1	2007	2	-91
NS10383H	1	2	2006	9	-91
NS10384J	1	1	2007	1	-91
NS10384J	1	2	2006	9	-91
NS10421Q	5	1	2007	2	-91
NS10421Q	1	2	2006	9	-91
NS10422R	7	1	2006	11	-91
NS10422R	9	2	2006	6	-91
NS10425V	1	1	2006	6	-91
NS10439T	2	1	2006	10	-91
NS10439T	1	2	-1	-91	1
NS10450Y	1	1	2006	9	-91
NS10491C	2	1	2007	2	-91
NS10491C	5	2	2006	11	-91
NS10491C	1	3	2006	9	-91
NS10519G	1	1	2006	9	-91
NS10521S	2	1	2006	1	-91
NS10531M	2	1	2006	10	-91
NS10531M	5	2	2006	7	-91
NS10536S	5	1	2007	1	-91
NS10536S	2	2	2006	9	-91
NS10548P	1	1	2006	9	-91
NS10549Q	1	1	2006	9	-91
NS10554E	2	1	2006	11	-91
NS10554E	8	2	2006	7	-91
NS10557H	1	1	2006	9	-91
NS10567C	7	1	2006	9	-91
NS10568D	5	1	2007	1	-91
NS10568D	8	2	2006	7	-91
NS10589T	1	1	2006	9	-91
NS10595J	1	1	2006	9	-91
NS10596K	7	1	2006	8	-91
NS10612B	1	1	2006	12	-91
NS10612B	8	2	2006	12	-91
NS10612B	4	3	2006	9	-91
NS10625Z	2	1	2006	9	-91
NS10640H	7	1	2006	9	-91
NS10643L	5	1	2006	6	-91
NS10646P	8	1	2006	8	-91
NS10653F	1	1	2006	9	-91
NS10669G	5	1	2006	6	-91
NS10674W	5	1	2006	6	-91
NS10691G	2	1	2007	2	-91
NS10691G	1	2	2007	1	-91
NS10691G	-92	3	-91	-91	-91
NS10711C	7	1	2006	6	-91
NS10726C	8	1	2007	9	-91
NS10726C	7	2	2006	12	-91
NS10726C	1	3	2006	9	-91
NS10737Y	1	1	2006	9	-91
NS10750E	4	1	2006	4	-91
NS10761A	8	1	2007	6	-91
NS10761A	1	2	2006	9	-91
NS10777B	8	1	2007	6	-91
NS10777B	1	2	2006	6	-91
NS10781P	1	1	2006	9	-91
NS10784S	1	1	2006	9	-91
NS10802L	1	1	2006	9	-91
NS10807R	1	1	2006	9	-91
NS10808S	2	1	2007	3	-91
NS10808S	5	2	2006	5	-91
NS10813G	1	1	2006	9	-91
NS10825D	2	1	2007	6	-91
NS10825D	1	2	2006	9	-91
NS10840M	1	1	2007	4	-91
NS10840M	5	2	2006	11	-91
NS10840M	2	3	2006	10	-91
NS10840M	5	4	2006	7	-91
NS10841N	1	1	2006	9	-91
NS10853K	1	1	2006	9	-91
NS10858Q	5	1	2007	5	-91
NS10858Q	7	2	2006	8	-91
NS10862D	1	1	2006	9	-91
NS10875B	1	1	2006	9	-91
NS10876C	9	1	2006	6	-91
NS10877D	2	1	2006	9	-91
NS10899V	5	1	2006	6	-91
NS10905R	5	1	2007	1	-91
NS10905R	2	2	2006	11	-91
NS10905R	2	4	2006	10	-91
NS10905R	5	5	2006	8	-91
NS10906S	10	1	2006	5	-91
NS10909W	8	1	2006	6	-91
NS10922C	1	1	2006	9	-91
NS10927H	1	1	2006	9	-91
NS10935A	1	1	2006	9	-91
NS10944T	1	1	2006	9	-91
NS10949Z	1	1	2006	8	-91
NS10950J	1	1	2006	9	-91
NS10951K	7	1	2006	9	-91
NS10961E	1	1	2006	9	-91
NS10979H	1	1	2006	9	-91
NS10987A	1	1	2006	9	-91
NS10992P	5	1	2006	7	-91
NS10994R	1	1	2006	9	-91
NS11007V	10	1	2006	1	-91
NS11011H	4	1	2006	9	-91
NS11013K	1	1	2007	9	-91
NS11013K	8	2	2007	7	-91
NS11013K	1	3	2006	9	-91
NS11015M	1	1	2006	9	-91
NS11023E	1	1	-1	-91	1
NS11032Y	3	1	2006	9	-91
NS11038E	1	1	2006	9	-91
NS11044V	1	1	-1	-91	1
NS11047Y	1	1	2006	9	-91
NS11059V	2	1	2007	2	-91
NS11059V	5	2	2006	7	-91
NS11067M	3	1	2006	9	-91
NS11068N	5	1	2006	9	-91
NS11085Z	1	1	2006	9	-91
NS11086A	1	1	2007	9	-91
NS11086A	1	2	2007	9	-91
NS11086A	1	3	2007	9	-91
NS11086A	1	4	-1	-91	2
NS11086A	1	5	-1	-91	1
NS11094S	1	1	2006	9	-91
NS11096V	5	1	2007	2	-91
NS11096V	1	2	2006	9	-91
NS11098X	2	1	2007	2	-91
NS11098X	5	2	2006	10	-91
NS11098X	4	3	2006	6	-91
NS11103S	1	1	2006	1	-91
NS11108Y	5	1	2006	7	-91
NS11109Z	8	1	2006	7	-91
NS11153Q	1	1	2006	9	-91
NS11157V	1	1	2006	9	-91
NS11189F	1	1	2006	9	-91
NS11209B	1	1	2006	9	-91
NS11218V	1	1	2006	9	-91
NS11222H	5	1	2007	1	-91
NS11222H	2	2	2006	11	-91
NS11222H	5	3	2006	7	-91
NS11226M	1	1	2006	9	-91
NS11227N	5	1	2006	10	-91
NS11227N	1	2	2006	8	-91
NS11237H	1	1	2006	7	-91
NS11250P	10	1	2007	3	-91
NS11250P	4	2	2006	9	-91
NS11256W	5	1	2006	5	-91
NS11259Z	5	1	2006	9	-91
NS11273G	7	1	2006	4	-91
NS11279N	1	1	2006	9	-91
NS11284C	1	1	2006	9	-91
NS11297A	1	1	-1	-91	1
NS11298B	2	1	2007	1	-91
NS11298B	1	2	2006	9	-91
NS11305Z	8	1	2006	10	-91
NS11305Z	8	2	2006	7	-91
NS11318X	5	1	2007	2	-91
NS11318X	1	2	2006	9	-91
NS11325N	10	1	2006	9	-91
NS11327Q	1	1	2006	9	-91
NS11332E	5	1	2006	11	-91
NS11332E	1	2	2006	9	-91
NS11348F	1	1	2006	9	-91
NS11358A	5	1	2006	7	-91
NS11365R	5	1	2006	6	-91
NS11369W	1	1	2006	9	-91
NS11372H	1	1	2007	2	-91
NS11372H	1	2	2007	2	-91
NS11372H	1	3	2006	2	-91
NS11373J	10	1	-1	-91	1
NS11414V	9	1	2006	9	-91
NS11425Q	2	1	2006	8	-91
NS11440Z	1	1	2006	9	-91
NS11470H	9	1	2006	6	-91
NS11475N	1	1	-1	-91	-1
NS11485H	1	1	2006	9	-91
NS11496D	7	1	2006	12	-91
NS11496D	9	2	2006	11	-91
NS11496D	1	3	2006	9	-91
NS11501Z	9	1	2007	2	-91
NS11501Z	4	2	2006	8	-91
NS11507F	1	1	2006	9	-91
NS11508G	1	1	2006	9	-91
NS11544F	7	1	2006	12	-91
NS11544F	1	2	2006	9	-91
NS11555B	5	1	2006	7	-91
NS11573N	5	1	2006	7	-91
NS11607H	1	1	2006	9	-91
NS11630J	1	1	2007	9	-91
NS11630J	1	2	2006	6	-91
NS11632L	9	1	2007	1	-91
NS11632L	10	2	2006	9	-91
NS11637R	9	1	2006	7	-91
NS11640D	7	1	2007	6	-91
NS11640D	8	2	2007	3	-91
NS11640D	1	3	2006	9	-91
NS11664X	1	1	2006	6	-91
NS11667A	1	1	2007	7	-91
NS11667A	8	2	2007	7	-91
NS11667A	-92	3	-91	-91	-91
NS11670M	5	1	2006	7	-91
NS11684L	5	1	2006	7	-91
NS11691C	1	1	2007	1	-91
NS11691C	1	2	2006	9	-91
NS11693E	1	1	2006	9	-91
NS11700C	6	1	2006	7	-91
NS11704G	1	1	2006	9	-91
NS11708L	2	1	2006	7	-91
NS11709M	5	1	2006	7	-91
NS11716D	4	1	2006	2	-91
NS11734Q	1	1	2006	9	-91
NS11742H	1	1	2006	9	-91
NS11751B	7	1	2006	10	-91
NS11751B	5	2	2006	7	-91
NS11758J	7	1	2006	9	-91
NS11765A	10	1	2007	1	-91
NS11765A	1	2	2006	9	-91
NS11773S	4	1	2006	9	-91
NS11782L	10	1	2006	9	-91
NS11791E	1	1	2006	9	-91
NS11792F	1	1	2006	9	-91
NS11797L	4	1	2007	2	-91
NS11797L	2	2	2006	12	-91
NS11797L	5	3	2006	8	-91
NS11798M	9	1	2006	7	-91
NS11800E	1	1	2006	9	-91
NS11810Z	10	1	-1	-91	1
NS11818H	5	1	2006	-1	2
NS11818H	7	2	2006	4	-91
NS11820T	4	1	2006	11	-91
NS11820T	8	2	2006	5	-91
NS11841J	5	1	-1	-91	1
NS11852E	1	1	2006	9	-91
NS11858L	5	1	2006	6	-91
NS11874W	5	1	2006	12	-91
NS11874W	2	2	2006	12	-91
NS11874W	5	3	2006	12	-91
NS11874W	5	4	-1	-91	1
NS11891G	5	1	2006	11	-91
NS11891G	1	2	2006	9	-91
NS11893J	1	1	2006	9	-91
NS11906N	1	1	2006	9	-91
NS11912D	1	1	2006	9	-91
NS11942M	1	1	2006	9	-91
NS11951F	1	1	2007	5	-91
NS11951F	1	2	2007	5	-91
NS11951F	1	3	-1	-91	1
NS11989Y	1	1	2006	1	-91
NS12022Z	1	1	2006	9	-91
NS12028F	1	1	2007	1	-91
NS12028F	2	2	2006	10	-91
NS12028F	5	3	2006	7	-91
NS12035X	1	1	2006	9	-91
NS12043P	9	1	2007	1	-91
NS12043P	4	2	2006	7	-91
NS12060A	1	1	2006	9	-91
NS12061B	7	1	2006	6	-91
NS12065F	9	1	2006	5	-91
NS12072X	5	1	2006	7	-91
NS12078D	2	1	2007	1	-91
NS12078D	4	2	2006	7	-91
NS12086W	4	1	2006	8	-91
NS12096Q	8	1	2006	10	-91
NS12096Q	2	2	2006	8	-91
NS12097R	2	1	2006	10	-91
NS12097R	1	2	2006	1	-91
NS12103N	1	1	2006	9	-91
NS12111F	1	1	2006	9	-91
NS12114J	2	1	2006	11	-91
NS12114J	3	2	2006	9	-91
NS12119P	9	1	2006	9	-91
NS12131V	2	1	2006	7	-91
NS12141P	1	1	2006	9	-91
NS12143R	2	1	2007	6	-91
NS12143R	1	2	2006	9	-91
NS12147W	9	1	2006	7	-91
NS12149Y	3	1	2006	10	-91
NS12149Y	7	2	2006	9	-91
NS12179G	7	1	2006	9	-91
NS12183V	8	1	2006	-1	1
NS12185X	2	1	2006	8	-91
NS12199W	3	1	2007	1	-91
NS12199W	1	2	2006	1	-91
NS12212J	4	1	2006	10	-91
NS12212J	8	2	2006	7	-91
NS12220B	8	1	2007	3	-91
NS12220B	1	2	2006	9	-91
NS12233Z	8	1	2007	8	-91
NS12233Z	5	2	2006	7	-91
NS12248Z	1	1	2006	11	-91
NS12248Z	1	2	2006	1	-91
NS12250K	8	1	2006	6	-91
NS12252M	1	1	2006	9	-91
NS12270Z	1	1	2006	10	-91
NS12270Z	1	2	2006	9	-91
NS12271A	9	1	2006	6	-91
NS12272B	5	1	2006	6	-91
NS12277G	9	1	2006	5	-91
NS12286A	1	1	2006	9	-91
NS12287B	1	1	2006	9	-91
NS12293R	5	1	2006	7	-91
NS12304T	10	1	2006	9	-91
NS12315P	1	1	2006	10	-91
NS12315P	1	2	2006	1	-91
NS12323G	1	1	2007	4	-91
NS12323G	1	2	2007	4	-91
NS12323G	1	3	-1	-91	1
NS12336E	1	1	2006	9	-91
NS12342V	5	1	2006	6	-91
NS12355S	6	1	2006	9	-91
NS12360G	5	1	2007	1	-91
NS12360G	1	2	2006	9	-91
NS12361H	2	1	2007	2	-91
NS12361H	1	2	2006	12	-91
NS12361H	5	3	2006	2	-91
NS12369R	1	1	-1	-91	1
NS12370B	1	1	2006	9	-91
NS12373E	2	1	2006	10	-91
NS12373E	1	2	-1	-91	1
NS12376H	6	1	2006	9	-91
NS12379L	1	1	2006	9	-91
NS12383Z	7	1	2006	8	-91
NS12386C	1	1	2006	9	-91
NS12412N	2	1	2006	6	-91
NS12436G	2	1	2006	8	-91
NS12437H	2	1	2006	6	-91
NS12440V	1	1	2006	9	-91
NS12444Z	8	1	2006	6	-91
NS12450P	4	1	2007	1	-91
NS12450P	1	2	2006	9	-91
NS12461K	1	1	2006	9	-91
NS12469T	2	1	2006	12	-91
NS12469T	1	2	2006	9	-91
NS12478M	5	1	2007	1	-91
NS12478M	1	2	2006	9	-91
NS12521J	7	1	2007	4	-91
NS12521J	1	2	2006	9	-91
NS12524M	10	1	2006	9	-91
NS12541Y	1	1	2006	9	-91
NS12547E	4	1	2006	6	-91
NS12552T	1	1	2006	9	-91
NS12566S	7	1	2006	7	-91
NS12568V	1	1	2006	9	-91
NS12572H	1	1	2006	9	-91
NS12575L	5	1	2007	3	-91
NS12575L	1	2	2006	9	-91
NS12576M	1	1	2006	9	-91
NS12599E	1	1	2006	9	-91
NS12600W	1	1	-1	-91	1
NS12607D	7	1	2006	7	-91
NS12623N	1	1	2006	9	-91
NS12630E	1	1	2006	9	-91
NS12643C	1	1	2006	9	-91
NS12647G	1	1	2006	9	-91
NS12666V	2	1	2006	7	-91
NS12672K	4	1	2007	6	-91
NS12672K	5	2	2006	7	-91
NS12678R	7	1	2006	9	-91
NS12709H	1	1	2006	9	-91
NS12719C	1	1	2006	9	-91
NS12725S	10	1	2006	9	-91
NS12727V	1	1	2006	9	-91
NS12731H	1	1	2006	9	-91
NS12734L	5	1	2006	7	-91
NS12735M	5	1	2006	7	-91
NS12737P	4	1	2006	10	-91
NS12737P	5	2	2006	5	-91
NS12741C	1	1	2006	9	-91
NS12749L	5	1	2006	7	-91
NS12764V	1	1	2006	9	-91
NS12765W	5	1	-1	-91	1
NS12788N	1	1	2006	9	-91
NS12791A	1	1	2007	9	-91
NS12791A	1	2	2006	1	-91
NS12793C	7	1	2006	7	-91
NS12795E	5	1	2007	3	-91
NS12795E	1	2	2006	9	-91
NS12796F	1	1	2006	9	-91
NS12811W	5	1	2007	7	-91
NS12811W	1	2	2007	3	-91
NS12811W	5	3	2006	12	-91
NS12811W	1	4	2006	10	-91
NS12811W	5	5	2006	7	-91
NS12828Y	1	1	2006	9	-91
NS12837R	1	1	2006	9	-91
NS12852A	1	1	2006	9	-91
NS12856E	1	1	2006	9	-91
NS12864X	1	1	2006	9	-91
NS12867A	1	1	2006	9	-91
NS12876T	1	1	2006	1	-91
NS12877V	6	1	2006	7	-91
NS12902E	2	1	2006	10	-91
NS12902E	5	2	2006	6	-91
NS12909M	1	1	2006	9	-91
NS12917E	1	1	2006	9	-91
NS12956G	2	1	2006	10	-91
NS12956G	1	2	-1	-91	1
NS12970P	9	1	2006	8	-91
NS12986Q	1	1	2006	-1	1
NS13003G	2	1	2006	8	-91
NS13020S	7	1	2007	1	-91
NS13020S	2	2	2006	11	-91
NS13020S	1	3	2006	9	-91
NS13021T	1	1	2006	9	-91
NS13026Z	1	1	2006	9	-91
NS13039X	2	1	2006	10	-91
NS13039X	4	2	2006	6	-91
NS13045M	7	1	2006	12	-91
NS13045M	7	2	2006	9	-91
NS13046N	2	1	2006	7	-91
NS13047P	7	1	2006	10	-91
NS13047P	5	2	2006	6	-91
NS13064A	4	1	2007	6	-91
NS13064A	6	2	2006	7	-91
NS13065B	1	1	2006	9	-91
NS13073T	1	1	2006	9	-91
NS13075W	2	1	2006	9	-91
NS13089V	1	1	-1	-91	1
NS13117H	2	1	2007	6	-91
NS13117H	5	2	2007	4	-91
NS13117H	2	3	2007	3	-91
NS13117H	5	4	2006	11	-91
NS13117H	1	5	2006	9	-91
NS13131Q	1	1	2006	9	-91
NS13135V	1	1	2006	10	-91
NS13135V	1	2	-1	-91	1
NS13145P	1	1	2007	5	-91
NS13145P	1	2	2007	5	-91
NS13145P	9	3	2007	4	-91
NS13145P	1	4	2006	1	-91
NS13154H	1	1	2006	9	-91
NS13167F	10	1	2006	7	-91
NS13189X	5	1	2006	7	-91
NS13197P	2	1	2006	6	-91
NS13206P	2	1	2007	5	-91
NS13206P	1	2	2006	10	-91
NS13206P	1	3	-1	-91	1
NS13212E	5	1	2006	9	-91
NS13216J	2	1	2007	6	-91
NS13216J	1	2	2006	9	-91
NS13218L	1	1	-1	-91	1
NS13225C	1	1	2006	9	-91
NS13230R	5	1	2006	3	-91
NS13258P	2	1	2007	5	-91
NS13258P	5	2	2007	2	-91
NS13258P	2	3	2006	10	-91
NS13258P	2	4	2006	8	-91
NS13262C	5	1	2006	7	-91
NS13276B	1	1	2006	9	-91
NS13277C	8	1	2006	7	-91
NS13279E	8	1	2006	8	-91
NS13280P	2	1	2007	2	-91
NS13280P	2	2	2006	1	-91
NS13282R	2	1	2007	1	-91
NS13282R	1	2	2006	9	-91
NS13297R	1	1	2006	9	-91
NS13319P	7	1	2006	12	-91
NS13319P	9	2	2006	7	-91
NS13324D	5	1	2007	1	-91
NS13324D	7	2	2006	6	-91
NS13375C	1	1	2006	9	-91
NS13381S	1	1	2006	9	-91
NS13385X	5	1	2006	6	-91
NS13386Y	7	1	2006	10	-91
NS13386Y	1	2	2006	9	-91
NS13404R	1	1	2006	9	-91
NS13409X	1	1	2006	9	-91
NS13415M	1	1	2006	9	-91
NS13433Z	1	1	2006	9	-91
NS13436C	5	1	2007	2	-91
NS13436C	2	2	2006	11	-91
NS13436C	2	3	2006	7	-91
NS13438E	1	1	2006	9	-91
NS13448Z	1	1	2006	9	-91
NS13461F	4	1	2007	1	-91
NS13461F	1	2	2006	9	-91
NS13471A	5	1	2006	7	-91
NS13495T	10	1	2006	9	-91
NS13500P	4	1	2007	6	-91
NS13500P	4	2	2006	8	-91
NS13521E	2	1	2007	6	-91
NS13521E	1	2	2007	1	-91
NS13521E	5	3	-1	-91	1
NS13524H	5	1	2007	5	-91
NS13524H	2	2	2006	6	-91
NS13527L	2	1	2006	11	-91
NS13527L	7	2	2006	1	-91
NS13530Y	1	1	2006	6	-91
NS13531Z	1	1	2006	9	-91
NS13539H	1	1	2006	8	-91
NS13569R	1	1	2006	2	-91
NS13596X	7	1	2007	4	-91
NS13596X	1	2	2006	9	-91
NS13600R	5	1	2006	5	-91
NS13624K	7	1	2006	6	-91
NS13632C	1	1	2006	9	-91
NS13658Y	5	1	2006	7	-91
NS13682A	1	1	2006	9	-91
NS13696Z	2	1	2006	9	-91
NS13705Z	1	1	2006	9	-91
NS13710N	8	1	2006	7	-91
NS13715T	1	1	2006	9	-91
NS13720H	1	1	2006	9	-91
NS13725N	1	1	2006	9	-91
NS13731D	5	1	2006	12	-91
NS13731D	1	2	2006	9	-91
NS13749G	1	1	2006	9	-91
NS13756Y	1	1	2006	9	-91
NS13758A	9	1	2007	7	-91
NS13758A	1	2	2006	9	-91
NS13767T	1	1	2006	9	-91
NS13782C	5	1	2006	5	-91
NS13785F	7	1	2006	9	-91
NS13786G	2	1	2006	9	-91
NS13791W	8	1	2007	2	-91
NS13791W	7	2	2006	11	-91
NS13791W	9	3	2006	6	-91
NS13808E	9	1	2006	9	-91
NS13810Q	1	1	2006	9	-91
NS13812S	1	1	2006	10	-91
NS13812S	1	2	2006	10	-91
NS13812S	1	3	2006	10	-91
NS13812S	-92	4	-91	-91	-91
NS13815W	1	1	2006	9	-91
NS13818Z	1	1	2006	9	-91
NS13823N	2	1	2006	9	-91
NS13826R	9	1	2007	1	-91
NS13826R	1	2	2006	9	-91
NS13839P	2	1	2006	9	-91
NS13849J	1	1	2006	9	-91
NS13850T	1	1	-1	-91	1
NS13852W	1	1	2006	9	-91
NS13870H	1	1	2006	9	-91
NS13873L	1	1	2006	9	-91
NS13878R	1	1	2006	-1	1
NS13880C	1	1	2006	9	-91
NS13912V	1	1	2006	9	-91
NS13921N	2	1	2006	10	-91
NS13921N	9	2	2006	6	-91
NS13928W	1	1	2006	9	-91
NS13940B	1	1	2006	9	-91
NS13946H	2	1	2006	10	-91
NS13946H	5	2	2006	7	-91
NS13947J	10	1	2006	8	-91
NS13952Y	2	1	2006	8	-91
NS13955B	5	1	2006	8	-91
NS13963T	7	1	2006	9	-91
NS13967Y	1	1	2006	9	-91
NS14048L	1	1	2006	7	-91
NS14058F	1	1	2006	9	-91
NS14079W	2	1	2006	5	-91
NS14080F	1	1	2007	-1	-91
NS14080F	1	2	2007	-1	-91
NS14080F	1	3	2007	9	-91
NS14080F	1	4	-1	-91	-1
NS14084K	7	1	2006	5	-91
NS14090A	1	1	2006	7	-91
NS14092C	4	1	2007	1	-91
NS14092C	9	2	2006	7	-91
NS14093D	1	1	2006	9	-91
NS14095F	1	1	2006	9	-91
NS14104F	1	1	2006	9	-91
NS14106H	4	1	2006	9	-91
NS14110W	2	1	2006	8	-91
NS14117D	1	1	2006	9	-91
NS14118E	5	1	2006	11	-91
NS14118E	1	2	2006	9	-91
NS14127Y	2	1	2007	6	-91
NS14127Y	7	2	2007	4	-91
NS14127Y	5	3	2007	3	-91
NS14127Y	1	4	2006	9	-91
NS14141F	1	1	2006	9	-91
NS14148N	5	1	2006	7	-91
NS14179Y	1	1	2006	9	-91
NS14185N	1	1	2006	9	-91
NS14190C	5	1	2006	9	-91
NS14198L	2	1	2006	3	-91
NS14201E	10	1	2006	9	-91
NS14211Z	1	1	2006	8	-91
NS14234R	7	1	2006	11	-91
NS14234R	5	2	2007	7	-91
NS14234R	1	3	-1	-91	1
NS14256H	1	1	2006	9	-91
NS14264A	5	1	2006	10	-91
NS14264A	1	2	2006	9	-91
NS14266C	1	1	2006	9	-91
NS14268E	5	1	2006	9	-91
NS14269F	1	1	2006	9	-91
NS14272S	1	1	2007	2	-91
NS14272S	7	2	2006	10	-91
NS14272S	8	3	-1	-91	1
NS14284P	7	1	2006	6	-91
NS14295K	1	1	2006	9	-91
NS14298N	1	1	2006	9	-91
NS14301G	5	1	2006	7	-91
NS14307N	1	1	2006	9	-91
NS14313D	5	1	2006	6	-91
NS14314E	5	1	2006	8	-91
NS14316G	1	1	2006	9	-91
NS14320V	1	1	2006	9	-91
NS14343M	1	1	2006	9	-91
NS14350D	1	1	2006	9	-91
NS14358M	1	1	2006	9	-91
NS14359N	1	1	2006	9	-91
NS14367F	9	1	2006	6	-91
NS14378B	1	1	2006	9	-91
NS14393K	1	1	2006	9	-91
NS14406P	1	1	2006	9	-91
NS14414G	1	1	2006	9	-91
NS14423A	1	1	2006	9	-91
NS14435X	1	1	2006	9	-91
NS14437Z	2	1	2006	8	-91
NS14448V	1	1	2007	6	-91
NS14448V	1	2	2006	9	-91
NS14457N	9	1	2006	7	-91
NS14474Z	2	1	2007	4	-91
NS14474Z	5	2	2007	1	-91
NS14474Z	1	3	2006	10	-91
NS14474Z	5	4	2006	7	-91
NS14501L	7	1	2006	9	-91
NS14504P	10	1	2006	9	-91
NS14506R	2	1	2007	1	-91
NS14506R	6	2	2006	9	-91
NS14514J	1	1	2006	9	-91
NS14535Z	5	1	2007	1	-91
NS14535Z	7	2	2006	5	-91
NS14536A	5	1	2006	11	-91
NS14536A	1	2	2006	9	-91
NS14538C	2	1	2007	4	-91
NS14538C	5	2	2006	11	-91
NS14538C	5	3	2006	9	-91
NS14548X	1	1	2006	9	-91
NS14554M	5	1	2006	7	-91
NS14557Q	1	1	2006	9	-91
NS14559S	1	1	2006	9	-91
NS14574B	1	1	2006	11	-91
NS14574B	6	2	2006	5	-91
NS14576D	3	1	2006	9	-91
NS14577E	8	1	2006	10	-91
NS14577E	8	2	2006	10	-91
NS14577E	1	3	2006	9	-91
NS14579G	2	1	2006	7	-91
NS14585X	1	1	2006	9	-91
NS14588A	2	1	2007	5	-91
NS14588A	2	2	2006	11	-91
NS14588A	1	3	2006	9	-91
NS14623E	2	1	2006	9	-91
NS14635B	1	1	2006	9	-91
NS14646X	9	1	2007	4	-91
NS14646X	5	2	2007	4	-91
NS14646X	1	3	2006	9	-91
NS14671A	1	1	2006	1	-91
NS14681V	9	1	2006	6	-91
NS14687B	5	1	2006	7	-91
NS14691P	4	1	2006	10	-91
NS14691P	4	2	2006	9	-91
NS14698X	2	1	2006	8	-91
NS14702R	1	1	2006	9	-91
NS14707X	8	1	2006	1	-91
NS14734C	1	1	2006	9	-91
NS14749C	1	1	2006	9	-91
NS14754R	5	1	2006	10	-91
NS14754R	5	2	2006	10	-91
NS14754R	5	3	2006	10	-91
NS14754R	1	4	2006	9	-91
NS14791R	7	1	2006	10	-91
NS14791R	1	2	2006	9	-91
NS14793T	2	1	2006	10	-91
NS14793T	9	2	2006	7	-91
NS14806Y	1	1	2006	9	-91
NS14815R	9	1	2006	9	-91
NS14833D	5	1	2006	8	-91
NS14845A	2	1	2006	6	-91
NS14862L	2	1	2006	9	-91
NS14878M	1	1	2006	9	-91
NS14912Q	9	1	2006	6	-91
NS14924M	1	1	2006	9	-91
NS14929S	1	1	2006	9	-91
NS14958A	5	1	2007	3	-91
NS14958A	4	2	2006	10	-91
NS14958A	1	3	2006	9	-91
NS14966S	1	1	2006	9	-91
NS14972H	5	1	2006	7	-91
NS15009E	1	1	2006	9	-91
NS15010P	1	1	2006	9	-91
NS15029T	2	1	2006	9	-91
NS15050S	1	1	2006	9	-91
NS15056Z	5	1	2006	7	-91
NS15057A	1	1	2006	12	-91
NS15057A	1	2	2006	9	-91
NS15065S	5	1	2006	7	-91
NS15071H	8	1	2006	7	-91
NS15076N	5	1	2006	7	-91
NS15079R	7	1	2006	9	-91
NS15081C	1	1	2006	9	-91
NS15086H	2	1	2006	10	-91
NS15086H	1	2	2006	9	-91
NS15093Z	2	1	2006	8	-91
NS15094A	2	1	2007	5	-91
NS15094A	1	2	2006	9	-91
NS15097D	1	1	2006	9	-91
NS15111S	2	1	2006	7	-91
NS15118A	5	1	2006	11	-91
NS15118A	9	2	2006	7	-91
NS15143D	2	1	2006	8	-91
NS15145F	4	1	2006	9	-91
NS15150V	7	1	-1	-91	2
NS15150V	1	2	2006	1	-91
NS15156B	1	1	2006	9	-91
NS15162R	2	1	2006	4	-91
NS15163S	7	1	2006	9	-91
NS15178S	10	1	2006	10	-91
NS15202B	9	1	2006	7	-91
NS15213X	1	1	2006	9	-91
NS15216A	1	1	2006	9	-91
NS15232K	1	1	2006	9	-91
NS15238R	2	1	2007	2	-91
NS15238R	7	2	2006	7	-91
NS15247K	2	1	2006	7	-91
NS15251Y	1	1	2006	9	-91
NS15254B	1	1	2006	8	-91
NS15258F	2	1	2006	7	-91
NS15265X	1	1	2006	9	-91
NS15268A	4	1	2007	5	-91
NS15268A	1	2	2006	9	-91
NS15271M	4	1	2006	9	-91
NS15279W	2	1	2006	9	-91
NS15280F	7	1	2006	4	-91
NS15293D	9	1	2007	1	-91
NS15293D	1	2	2006	9	-91
NS15295F	8	1	2007	6	-91
NS15295F	1	2	2006	-1	1
NS15300B	2	1	2006	9	-91
NS15307J	1	1	2006	9	-91
NS15322S	1	1	2006	9	-91
NS15323T	2	1	2006	11	-91
NS15323T	1	2	2006	9	-91
NS15325W	1	1	2006	9	-91
NS15335Q	7	1	2006	10	-91
NS15335Q	5	2	2006	9	-91
NS15337S	8	1	2006	9	-91
NS15363X	7	1	2006	9	-91
NS15369D	1	1	2006	9	-91
NS15378X	7	1	2006	7	-91
NS15383L	2	1	2007	3	-91
NS15383L	1	2	2006	9	-91
NS15384M	2	1	2006	9	-91
NS15395H	1	1	2006	9	-91
NS15400D	1	1	2006	9	-91
NS15416E	8	1	2006	9	-91
NS15454F	1	1	2006	9	-91
NS15470Q	5	1	2006	7	-91
NS15471R	1	1	-1	-91	1
NS15509Q	1	1	2006	9	-91
NS15519K	5	1	2006	8	-91
NS15545P	10	1	2006	2	-91
NS15565D	7	1	2006	2	-91
NS15566E	1	1	2006	9	-91
NS15568G	7	1	2007	-1	1
NS15569H	1	1	2006	9	-91
NS15584R	5	1	2006	9	-91
NS15585S	1	1	2006	9	-91
NS15619M	1	1	2006	9	-91
NS15621Y	1	1	2006	9	-91
NS15649W	1	1	2006	9	-91
NS15652H	7	1	2006	8	-91
NS15653J	1	1	2006	9	-91
NS15662C	7	1	2006	9	-91
NS15666G	1	1	2006	9	-91
NS15667H	1	1	2006	9	-91
NS15669K	1	1	-1	-91	1
NS15679E	10	1	2006	10	-91
NS15679E	9	2	2006	6	-91
NS15680P	5	1	2006	8	-91
NS15693M	5	1	2006	11	-91
NS15693M	7	2	2006	8	-91
NS15696Q	7	1	2007	3	-91
NS15696Q	1	2	2006	9	-91
NS15701L	9	1	2006	6	-91
NS15710E	1	1	2006	9	-91
NS15742Q	1	1	2006	9	-91
NS15753L	8	1	2006	6	-91
NS15766J	1	1	2006	9	-91
NS15772Z	7	1	2007	-1	1
NS15776D	1	1	2007	1	-91
NS15776D	1	2	2006	9	-91
NS15778F	5	1	2006	7	-91
NS15780R	5	1	2006	10	-91
NS15780R	4	2	2006	1	-91
NS15792N	2	1	2006	7	-91
NS15795R	2	1	2006	7	-91
NS15800M	2	1	2006	5	-91
NS15802P	7	1	2006	1	-91
NS15817P	1	1	2006	9	-91
NS15824F	9	1	2007	6	-91
NS15824F	1	2	2006	9	-91
NS15829L	1	1	2006	9	-91
NS15836C	1	1	2006	9	-91
NS15848Z	1	1	-1	-91	1
NS15849A	2	1	2007	4	-91
NS15849A	1	2	2006	9	-91
NS15854P	1	1	2007	1	-91
NS15854P	9	2	2006	5	-91
NS15856R	1	1	2006	9	-91
NS15866L	7	1	2007	3	-91
NS15866L	5	2	2006	7	-91
NS15880T	1	1	2006	9	-91
NS15891P	1	1	2006	9	-91
NS15915P	1	1	2006	9	-91
NS15919T	1	1	2006	9	-91
NS15922F	1	1	2006	9	-91
NS15938G	1	1	2006	9	-91
NS15952P	1	1	2006	10	-91
NS15952P	7	2	2006	1	-91
NS15955S	1	1	2006	9	-91
NS15962J	2	1	2006	9	-91
NS15963K	8	1	2007	6	-91
NS15963K	1	2	2006	1	-91
NS15965M	2	1	2007	4	-91
NS15965M	5	2	2006	9	-91
NS15966N	1	1	2007	2	-91
NS15966N	7	2	2006	9	-91
NS15974F	1	1	2006	9	-91
NS15983Z	1	1	2006	1	-91
NS15991R	9	1	2006	12	-91
NS15991R	1	2	2006	9	-91
NS16024J	4	1	2006	5	-91
NS16025K	1	1	2006	7	-91
NS16030Z	5	1	2006	9	-91
NS16037G	1	1	2006	6	-91
NS16040T	7	1	2007	5	-91
NS16047B	1	1	2006	9	-91
NS16063L	1	1	2006	9	-91
NS16080X	8	1	2006	6	-91
NS16095X	1	1	2006	9	-91
NS16098A	5	1	2006	8	-91
NS16099B	7	1	2006	9	-91
NS16105Y	1	1	2006	9	-91
NS16111N	7	1	2006	6	-91
NS16121H	1	1	2006	9	-91
NS16134F	1	1	2006	9	-91
NS16149F	5	1	2007	1	-91
NS16149F	1	2	2006	9	-91
NS16164P	1	1	2006	9	-91
NS16176L	1	1	2006	9	-91
NS16184D	4	1	2006	7	-91
NS16201W	1	1	2006	9	-91
NS16205A	2	1	2006	10	-91
NS16205A	5	2	2006	8	-91
NS16208D	1	1	2006	9	-91
NS16223M	10	1	2007	6	-91
NS16223M	1	2	2006	9	-91
NS16228S	9	1	2006	-1	1
NS16233G	1	1	2006	9	-91
NS16237L	1	1	2006	9	-91
NS16260M	1	1	2006	9	-91
NS16266T	1	1	2006	9	-91
NS16283E	2	1	2006	5	-91
NS16291X	1	1	2006	9	-91
NS16319B	7	1	2006	9	-91
NS16333J	1	1	2006	9	-91
NS16344E	5	1	2006	10	-91
NS16344E	1	2	2006	6	-91
NS16345F	1	1	2006	9	-91
NS16350V	1	1	2006	9	-91
NS16351W	5	1	2006	11	-91
NS16351W	1	2	2006	9	-91
NS16363S	1	1	2006	9	-91
NS16374N	1	1	2006	9	-91
NS16381E	7	1	2006	2	-91
NS16390Y	1	1	-1	-91	1
NS16392A	7	1	2006	9	-91
NS16406F	2	1	2006	10	-91
NS16406F	7	2	2006	7	-91
NS16416A	9	1	2006	7	-91
NS16432K	5	1	2007	3	-91
NS16432K	1	2	2006	9	-91
NS16442E	9	1	2006	6	-91
NS16467Z	1	1	2006	9	-91
NS16484K	1	1	2006	9	-91
NS16489Q	5	1	2006	6	-91
NS16503E	1	1	2006	11	-91
NS16503E	5	2	2006	9	-91
NS16507J	1	1	2006	9	-91
NS16517D	8	1	2006	9	-91
NS16518E	1	1	2006	9	-91
NS16520Q	4	1	2006	1	-91
NS16530K	7	1	2007	1	-91
NS16530K	1	2	2006	9	-91
NS16533N	8	1	2006	7	-91
NS16536R	1	1	2006	9	-91
NS16540E	9	1	2006	10	-91
NS16540E	1	2	2006	9	-91
NS16547M	2	1	2006	12	-91
NS16547M	4	2	2006	9	-91
NS16555E	1	1	2006	9	-91
NS16572Q	5	1	2007	4	-91
NS16572Q	1	2	2006	9	-91
NS16593F	1	1	2006	9	-91
NS16599M	4	1	2006	10	-91
NS16632P	1	1	2006	9	-91
NS16636T	1	1	2006	9	-91
NS16670Q	1	1	2006	9	-91
NS16708P	1	1	-1	-91	1
NS16726B	4	1	2007	1	-91
NS16726B	10	2	2006	5	-91
NS16731Q	4	1	2006	9	-91
NS16735V	5	1	2006	12	-91
NS16735V	7	2	2006	10	-91
NS16735V	9	3	2006	7	-91
NS16738Y	1	1	2006	7	-91
NS16748S	1	1	2006	9	-91
NS16750D	2	1	2006	12	-91
NS16750D	1	2	-1	-91	1
NS16757L	2	1	2007	5	-91
NS16757L	4	2	2006	9	-91
NS16764C	5	1	2007	4	-91
NS16764C	7	2	2007	1	-91
NS16764C	7	3	2006	10	-91
NS16764C	9	4	2006	7	-91
NS16765D	1	1	2006	8	-91
NS16768G	1	1	2006	9	-91
NS16774X	4	1	2007	1	-91
NS16774X	5	2	2006	9	-91
NS16779C	9	1	2006	12	-91
NS16779C	1	2	2006	11	-91
NS16779C	9	3	2006	6	-91
NS16780M	7	1	2006	9	-91
NS16781N	4	1	2006	12	-91
NS16781N	8	2	2006	11	-91
NS16781N	9	3	2006	6	-91
NS16783Q	1	1	2006	9	-91
NS16784R	1	1	2006	9	-91
NS16785S	5	1	2006	6	-91
NS16803L	1	1	2006	2	-91
NS16811D	7	1	2006	12	-91
NS16811D	5	2	2006	7	-91
NS16827E	5	1	2006	9	-91
NS16836Y	5	1	2006	9	-91
NS16839B	1	1	2006	9	-91
NS16845R	7	1	2006	7	-91
NS16846S	5	1	2006	9	-91
NS16854K	2	1	2006	7	-91
NS16862C	2	1	2007	3	-91
NS16862C	5	2	2007	1	-91
NS16862C	1	3	2006	9	-91
NS16863D	4	1	2006	11	-91
NS16863D	5	2	2006	5	-91
NS16865F	1	1	2006	9	-91
NS16871W	4	1	2006	9	-91
NS16882R	8	1	2006	9	-91
NS16900K	1	1	2006	9	-91
NS16906R	7	1	2006	8	-91
NS16913H	1	1	2006	9	-91
NS16923C	1	1	2006	9	-91
NS16925E	1	1	2006	9	-91
NS16941P	1	1	2006	9	-91
NS16942Q	1	1	2006	9	-91
NS16952K	1	1	2006	9	-91
NS16972Z	9	1	2007	3	-91
NS16972Z	1	2	2006	9	-91
NS16980R	2	1	2006	7	-91
NS16989B	1	1	2006	9	-91
NS16990L	8	1	2006	7	-91
NS17003P	2	1	2006	8	-91
NS17015L	4	1	2007	4	-91
NS17015L	5	2	2007	2	-91
NS17015L	1	3	2006	8	-91
NS17034Z	1	1	2006	9	-91
NS17056Q	1	1	2006	9	-91
NS17063G	5	1	2007	1	-91
NS17063G	1	2	2006	9	-91
NS17064H	5	1	2006	6	-91
NS17074C	1	1	2006	9	-91
NS17075D	4	1	2007	2	-91
NS17075D	5	2	2006	7	-91
NS17079H	5	1	2007	1	-91
NS17079H	1	2	2006	9	-91
NS17087A	5	1	2007	2	-91
NS17087A	7	2	2006	12	-91
NS17087A	9	3	2006	5	-91
NS17096T	2	1	2007	1	-91
NS17096T	7	2	2006	7	-91
NS17106V	3	1	2006	8	-91
NS17107W	1	1	-1	-91	1
NS17115N	2	1	2006	9	-91
NS17128L	1	1	2006	9	-91
NS17135C	2	1	2006	10	-91
NS17135C	5	2	2006	7	-91
NS17154Q	1	1	2006	9	-91
NS17181W	1	1	2006	9	-91
NS17189E	5	1	2006	7	-91
NS17190P	5	1	2006	12	-91
NS17190P	1	2	2006	9	-91
NS17194T	1	1	2006	9	-91
NS17196W	1	1	2006	9	-91
NS17199Z	1	1	2006	9	-91
NS17200Q	1	1	2006	9	-91
NS17203T	5	1	2007	2	-91
NS17203T	1	2	2006	9	-91
NS17208Z	1	1	2006	10	-91
NS17208Z	8	2	2006	6	-91
NS17212M	5	1	2006	6	-91
NS17215Q	7	1	2006	1	-91
NS17226L	10	1	2006	12	-91
NS17226L	9	2	2006	9	-91
NS17227M	4	1	2006	6	-91
NS17237G	1	1	2006	9	-91
NS17238H	1	1	2006	9	-91
NS17247B	5	1	2006	7	-91
NS17263L	1	1	2006	9	-91
NS17264M	4	1	2006	5	-91
NS17269S	1	1	2006	9	-91
NS17276J	1	1	2006	9	-91
NS17287E	1	1	2006	9	-91
NS17290R	7	1	2006	10	-91
NS17290R	1	2	2006	9	-91
NS17291S	8	1	2006	7	-91
NS17302V	7	1	2006	10	-91
NS17302V	8	2	2006	7	-91
NS17311N	2	1	2006	8	-91
NS17327P	1	1	2006	9	-91
NS17331C	2	1	2006	8	-91
NS17336H	1	1	2006	9	-91
NS17345B	1	1	-1	-91	1
NS17346C	1	1	2006	9	-91
NS17348E	1	1	2006	9	-91
NS17357Y	1	1	2006	9	-91
NS17390T	10	1	2007	3	-91
NS17390T	2	2	2006	10	-91
NS17390T	1	3	2006	9	-91
NS17391V	5	1	2007	4	-91
NS17391V	1	2	2006	9	-91
NS17408D	1	1	2006	9	-91
NS17413S	10	1	2006	9	-91
NS17420J	1	1	2006	9	-91
NS17436K	7	1	2006	7	-91
NS17442A	1	1	2006	9	-91
NS17449H	10	1	2006	9	-91
NS17483E	7	1	2007	4	-91
NS17483E	7	2	2006	9	-91
NS17485G	5	1	2007	2	-91
NS17485G	9	2	2006	10	-91
NS17485G	1	3	2006	9	-91
NS17497D	2	1	2006	6	-91
NS17505C	2	1	2006	9	-91
NS17521M	7	1	2007	2	-91
NS17521M	1	2	2006	9	-91
NS17548J	7	1	2006	9	-91
NS17560P	1	1	2006	9	-91
NS17576Q	1	1	2006	10	-91
NS17576Q	1	2	2006	9	-91
NS17580D	1	1	2006	9	-91
NS17583G	9	1	2006	11	-91
NS17583G	1	2	2006	9	-91
NS17588M	4	1	2007	3	-91
NS17588M	5	2	2006	1	-91
NS17598G	1	1	2006	9	-91
NS17609J	1	1	2006	9	-91
NS17675R	1	1	2006	9	-91
NS17680F	2	1	2006	7	-91
NS17683J	1	1	2006	9	-91
NS17687N	1	1	2007	7	-91
NS17687N	-92	2	-91	-91	-91
NS17706H	5	1	2006	8	-91
NS17710W	2	1	2007	3	-91
NS17710W	5	2	-1	-91	1
NS17725W	1	1	2006	9	-91
NS17743H	1	1	2007	6	-91
NS17743H	1	2	2006	9	-91
NS17772Q	5	1	2006	11	-91
NS17772Q	5	2	2006	7	-91
NS17776V	1	1	2006	9	-91
NS17782K	2	1	2006	4	-91
NS17784M	9	1	2006	6	-91
NS17786P	7	1	2007	7	-91
NS17786P	8	2	2006	6	-91
NS17788R	7	1	2006	1	-91
NS17792E	1	1	2006	9	-91
NS17793F	7	1	2006	10	-91
NS17793F	1	2	2006	5	-91
NS17794G	1	1	2006	9	-91
NS17796J	4	1	2006	10	-91
NS17796J	1	2	-1	-91	1
NS17799M	5	1	2006	7	-91
NS17802F	1	1	2006	9	-91
NS17803G	1	1	-1	-91	1
NS17806K	5	1	2007	5	-91
NS17806K	4	2	2006	9	-91
NS17815D	1	1	2006	9	-91
NS17830M	2	1	2007	1	-91
NS17830M	1	2	2006	9	-91
NS17832P	1	1	2006	9	-91
NS17844L	2	1	2006	9	-91
NS17874V	1	1	2006	9	-91
NS17878Z	1	1	2006	9	-91
NS17884P	1	1	2006	9	-91
NS17907N	1	1	2006	1	-91
NS17909Q	5	1	2007	1	-91
NS17909Q	1	2	2006	11	-91
NS17909Q	1	3	2006	9	-91
NS17920V	1	1	2006	9	-91
NS17926B	1	1	2006	9	-91
NS17927C	1	1	-1	-91	1
NS17930P	1	1	2006	9	-91
NS17931Q	5	1	-1	-91	1
NS17975Y	7	1	2006	11	-91
NS17975Y	5	2	2006	7	-91
NS17977A	7	1	2006	11	-91
NS17977A	5	2	-1	-91	1
NS17983Q	5	1	2007	1	-91
NS17983Q	7	2	2006	6	-91
NS17985S	5	1	2007	5	-91
NS17985S	1	2	2006	1	-91
NS18007P	7	1	2006	6	-91
NS18019L	1	1	2006	9	-91
NS18036X	1	1	2006	9	-91
NS18037Y	10	1	2006	-1	1
NS18039A	1	1	2007	9	-91
NS18039A	1	2	2006	7	-91
NS18045Q	4	1	2006	9	-91
NS18067G	1	1	2006	9	-91
NS18081P	7	1	2006	9	-91
NS18101K	7	1	2007	2	-91
NS18101K	8	2	2007	1	-91
NS18101K	1	3	2006	9	-91
NS18112F	7	1	2007	6	-91
NS18112F	5	2	2007	2	-91
NS18112F	2	3	2006	8	-91
NS18116K	5	1	2006	11	-91
NS18116K	2	2	2006	9	-91
NS18122A	1	1	2006	9	-91
NS18153K	5	1	2007	1	-91
NS18153K	7	2	2006	8	-91
NS18169L	2	1	2006	8	-91
NS18177D	1	1	2006	9	-91
NS18199V	1	1	2006	9	-91
NS18214K	4	1	2006	7	-91
NS18224E	2	1	2006	9	-91
NS18242R	7	1	2007	4	-91
NS18242R	1	2	2006	9	-91
NS18249Z	8	1	2007	1	-91
NS18274C	5	1	2006	8	-91
NS18275D	1	1	2006	9	-91
NS18287A	1	1	-1	-91	1
NS18291N	1	1	2006	9	-91
NS18305T	8	1	2006	9	-91
NS18312K	1	1	2006	9	-91
NS18315N	2	1	2007	3	-91
NS18315N	1	2	2006	9	-91
NS18318R	4	1	2006	9	-91
NS18323F	5	1	2007	1	-91
NS18323F	7	2	2006	12	-91
NS18323F	9	3	2006	8	-91
NS18325H	8	1	2006	11	-91
NS18325H	1	2	2006	9	-91
NS18328L	1	1	2006	9	-91
NS18331Y	2	1	2007	1	-91
NS18331Y	1	2	2006	9	-91
NS18338F	1	1	2006	9	-91
NS18342T	2	1	2006	10	-91
NS18342T	5	2	-1	-91	1
NS18344W	1	1	2006	9	-91
NS18361G	7	1	2007	4	-91
NS18361G	1	2	2006	9	-91
NS18370A	1	1	2006	9	-91
NS18387C	1	1	2006	4	-91
NS18394T	1	1	2006	9	-91
NS18425K	8	1	2006	6	-91
NS18442W	2	1	2006	8	-91
NS18452Q	4	1	2006	7	-91
NS18455T	1	1	2006	9	-91
NS18457W	1	1	2006	9	-91
NS18464M	4	1	2006	9	-91
NS18471D	1	1	2006	9	-91
NS18473F	9	1	2006	6	-91
NS18474G	2	1	2007	4	-91
NS18474G	1	2	2006	9	-91
NS18479M	2	1	2006	10	-91
NS18479M	2	2	2006	5	-91
NS18480X	1	1	2006	9	-91
NS18490R	1	1	2006	9	-91
NS18496Y	3	1	2006	9	-91
NS18510M	1	1	2006	9	-91
NS18513Q	10	1	2006	6	-91
NS18523K	5	1	2006	9	-91
NS18533E	7	1	2007	6	-91
NS18533E	1	2	2006	9	-91
NS18553T	1	1	2006	9	-91
NS18562M	7	1	2006	12	-91
NS18562M	3	2	2006	9	-91
NS18563N	1	1	2006	9	-91
NS18576L	1	1	2006	9	-91
NS18622L	9	1	2006	6	-91
NS18625P	7	1	2007	2	-91
NS18625P	1	2	2006	9	-91
NS18636K	2	1	2006	7	-91
NS18639N	1	1	2006	9	-91
NS18647F	9	1	2006	9	-91
NS18683E	2	1	2006	7	-91
NS18685G	2	1	2006	7	-91
NS18691X	2	1	2006	9	-91
NS18700X	1	1	2006	9	-91
NS18765V	5	1	2007	2	-91
NS18765V	1	2	2006	9	-91
NS18808H	1	1	2006	9	-91
NS18822Q	1	1	2006	9	-91
NS18826V	1	1	2006	9	-91
NS18830H	1	1	2006	7	-91
NS18842E	1	1	2006	9	-91
NS18846J	3	1	2006	10	-91
NS18846J	1	2	2006	8	-91
NS18848L	10	1	2007	5	-91
NS18848L	5	2	2007	5	-91
NS18848L	5	3	2006	-1	1
NS18861S	4	1	2007	3	-91
NS18861S	5	2	2006	12	-91
NS18861S	2	3	2006	9	-91
NS18885L	7	1	2006	5	-91
NS18902D	3	1	2006	9	-91
NS18910W	7	1	2006	10	-91
NS18910W	5	2	2006	9	-91
NS18920Q	1	1	2006	9	-91
NS18936R	1	1	2006	9	-91
NS18943H	5	1	2007	1	-91
NS18943H	1	2	2006	9	-91
NS18949P	1	1	2006	9	-91
NS18966A	1	1	2006	9	-91
NS18983L	2	1	2006	6	-91
NS18992E	4	1	2007	7	-91
NS18992E	1	2	2006	9	-91
NS18993F	2	1	2007	3	-91
NS18993F	1	2	2006	7	-91
NS19017E	1	1	2006	9	-91
NS19020R	1	1	2006	9	-91
NS19021S	1	1	2006	9	-91
NS19029B	1	1	2006	9	-91
NS19033P	1	1	2006	9	-91
NS19038V	1	1	2006	9	-91
NS19042H	10	1	2006	9	-91
NS19066B	5	1	2006	12	-91
NS19066B	1	2	2006	9	-91
NS19094H	7	1	2006	9	-91
NS19102G	1	1	2006	9	-91
NS19129D	1	1	2006	9	-91
NS19132Q	9	1	2006	9	-91
NS19136V	1	1	2006	9	-91
NS19148R	1	1	2006	9	-91
NS19157K	1	1	2006	9	-91
NS19160X	8	1	2006	8	-91
NS19165C	4	1	2006	11	-91
NS19165C	5	2	2006	9	-91
NS19176Y	1	1	2006	9	-91
NS19182N	1	1	2006	9	-91
NS19191G	1	1	2006	9	-91
NS19194K	5	1	2006	7	-91
NS19196M	2	1	2006	-1	1
NS19201H	4	1	2007	7	-91
NS19201H	5	2	2007	3	-91
NS19201H	4	3	2006	7	-91
NS19226C	2	1	2006	11	-91
NS19226C	5	2	2006	7	-91
NS19244P	1	1	2007	9	-91
NS19244P	1	2	-1	-91	2
NS19244P	1	3	-1	-91	1
NS19258N	8	1	-1	-91	2
NS19268H	10	1	2006	8	-91
NS19274Y	5	1	2007	6	-91
NS19274Y	1	2	2006	9	-91
NS19304N	1	1	2006	9	-91
NS19309T	5	1	2007	3	-91
NS19309T	7	2	2007	9	-91
NS19309T	-92	4	-91	-91	-91
NS19320Y	5	1	2007	7	-91
NS19320Y	1	2	2007	1	-91
NS19320Y	8	3	2006	7	-91
NS19330S	1	1	2006	9	-91
NS19334X	1	1	2006	9	-91
NS19339C	4	1	2006	9	-91
NS19341N	10	1	2007	1	-91
NS19341N	10	2	2006	1	-91
NS19346T	2	1	2006	12	-91
NS19346T	2	2	2006	9	-91
NS19352J	1	1	2006	9	-91
NS19368K	1	1	2006	9	-91
NS19370W	1	1	2007	1	-91
NS19370W	5	2	2006	7	-91
NS19376C	5	1	2006	4	-91
NS19382S	3	1	2007	7	-91
NS19382S	3	2	2007	7	-91
NS19382S	3	3	2006	11	-91
NS19382S	1	4	2006	5	-91
NS19392M	5	1	2006	10	-91
NS19392M	1	2	-1	-91	1
NS19405R	1	1	2006	9	-91
NS19407T	1	1	2006	9	-91
NS19422C	2	1	2006	9	-91
NS19425F	1	1	2006	9	-91
NS19442R	1	1	2006	10	-91
NS19442R	1	2	2006	10	-91
NS19442R	1	3	2006	10	-91
NS19442R	1	4	-1	-91	1
NS19450J	1	1	2006	9	-91
NS19453M	7	1	2006	9	-91
NS19472A	1	1	2006	9	-91
NS19474C	2	1	2006	11	-91
NS19474C	1	2	2006	9	-91
NS19479H	4	1	2007	6	-91
NS19479H	5	2	2007	1	-91
NS19479H	2	3	2006	11	-91
NS19479H	1	4	2006	9	-91
NS19489C	4	1	2006	7	-91
NS19492P	1	1	2006	9	-91
NS19493Q	1	1	2006	9	-91
NS19505T	5	1	2006	9	-91
NS19536D	5	1	2006	9	-91
NS19542T	1	1	2006	9	-91
NS19548A	7	1	2006	8	-91
NS19553P	7	1	2006	1	-91
NS19562H	4	1	2006	7	-91
NS19566M	10	1	2006	11	-91
NS19566M	5	2	2006	9	-91
NS19570A	1	1	2006	9	-91
NS19575F	5	1	2006	11	-91
NS19575F	1	2	2006	9	-91
NS19597X	1	1	2006	9	-91
NS19599Z	1	1	-1	-91	1
NS19603T	1	1	2006	9	-91
NS19611L	1	1	2006	9	-91
NS19621F	9	1	2006	7	-91
NS19645Z	1	1	2006	9	-91
NS19659Y	5	1	2007	7	-91
NS19659Y	7	2	2006	9	-91
NS19661J	7	1	2006	12	-91
NS19661J	7	2	2006	11	-91
NS19661J	2	3	2006	9	-91
NS19666P	5	1	2006	9	-91
NS19675H	5	1	2006	7	-91
NS19689G	4	1	2006	9	-91
NS19695X	5	1	2006	7	-91
NS19700S	8	1	2006	6	-91
NS19701T	1	1	2006	9	-91
NS19709C	7	1	2007	5	-91
NS19709C	1	2	2006	-1	1
NS19724L	5	1	2006	7	-91
NS19728Q	1	1	2006	9	-91
NS19732D	5	1	2006	7	-91
NS19737J	1	1	2006	9	-91
NS19745B	1	1	2006	9	-91
NS19749F	7	1	2006	11	-91
NS19749F	1	2	2006	9	-91
NS19752S	1	1	2006	8	-91
NS19782B	5	1	2007	3	-91
NS19782B	10	2	2006	9	-91
NS19801W	7	1	2006	11	-91
NS19801W	5	2	2006	9	-91
NS19808D	7	1	2006	11	-91
NS19808D	1	2	2006	1	-91
NS19813S	1	1	2006	9	-91
NS19818Y	1	1	2006	7	-91
NS19819Z	1	1	2006	9	-91
NS19823M	1	1	2006	9	-91
NS19831E	1	2	2006	1	-91
NS19840Y	2	1	-1	-91	1
NS19857A	5	1	2006	6	-91
NS19864R	1	1	2007	4	-91
NS19864R	-92	2	-91	-91	-91
NS19866T	8	1	2006	10	-91
NS19866T	8	2	2006	10	-91
NS19866T	-92	3	-91	-91	-91
NS19869X	1	1	2006	-1	1
NS19874L	2	1	2007	5	-91
NS19874L	1	2	2006	9	-91
NS19885G	1	1	2006	9	-91
NS19891X	4	1	2006	8	-91
NS19896C	5	1	2006	7	-91
NS19907E	1	1	-1	-91	1
NS19916Y	5	1	2007	4	-91
NS19916Y	1	2	2006	9	-91
NS19920L	5	1	2006	11	-91
NS19920L	9	2	-1	-91	1
NS19925R	5	1	2006	12	-91
NS19925R	1	2	2006	9	-91
NS19931G	1	1	2006	9	-91
NS19944E	8	1	2007	1	-91
NS19944E	9	2	2006	7	-91
NS19948J	1	1	2006	9	-91
NS19958D	1	1	2006	9	-91
NS19965V	1	1	2006	9	-91
NS19977R	4	1	2006	6	-91
NS19978S	2	1	2006	9	-91
NS19987L	8	1	2006	9	-91
NS19989N	3	1	2006	10	-91
NS19989N	1	2	2006	9	-91
NS20001C	7	1	2006	8	-91
NS20006H	5	1	2006	5	-91
NS20027Y	1	1	2006	6	-91
NS20035Q	9	1	2006	4	-91
NS20037S	1	1	2006	9	-91
NS20038T	1	1	2006	6	-91
NS20064Y	4	1	2006	9	-91
NS20066A	1	1	2006	9	-91
NS20067B	1	1	2006	9	-91
NS20068C	5	1	2006	7	-91
NS20071P	1	1	2006	9	-91
NS20083L	1	1	2006	9	-91
NS20085N	1	1	2006	7	-91
NS20089S	9	1	2006	6	-91
NS20097K	7	1	2007	3	-91
NS20097K	5	2	-1	-91	2
NS20097K	9	3	-1	-91	-1
NS20122V	9	1	2006	12	-91
NS20122V	2	2	-1	-91	-1
NS20126Z	2	1	2007	4	-91
NS20126Z	10	2	2006	11	-91
NS20126Z	10	3	2006	8	-91
NS20149R	1	1	2006	9	-91
NS20150B	1	1	2006	9	-91
NS20158K	1	1	2006	9	-91
NS20164A	7	1	2006	10	-91
NS20164A	1	2	-1	-91	1
NS20174V	1	1	2006	9	-91
NS20185Q	1	1	2006	9	-91
NS20187S	5	1	2006	9	-91
NS20227C	10	1	2007	6	-91
NS20227C	1	2	2006	9	-91
NS20235V	1	1	2006	9	-91
NS20256K	1	1	2006	9	-91
NS20278B	1	1	2006	9	-91
NS20297P	5	1	-1	-91	2
NS20297P	5	2	2006	6	-91
NS20306P	1	1	-1	-91	1
NS20309S	5	1	2006	7	-91
NS20312E	1	1	2006	7	-91
NS20316J	2	1	2006	7	-91
NS20326D	2	1	2006	11	-91
NS20326D	1	2	2006	9	-91
NS20337Z	10	1	2006	7	-91
NS20340L	1	1	2006	9	-91
NS20341M	1	1	2006	9	-91
NS20356M	2	1	2007	6	-91
NS20356M	2	2	2007	2	-91
NS20356M	2	3	2006	8	-91
NS20360A	7	1	2007	1	-91
NS20360A	1	2	2006	9	-91
NS20370V	2	1	2006	5	-91
NS20373Y	1	1	2006	4	-91
NS20384T	1	1	2006	9	-91
NS20407S	1	1	2006	1	-91
NS20408T	1	1	2006	9	-91
NS20416L	1	1	2006	9	-91
NS20418N	1	1	2006	9	-91
NS20422B	1	1	2006	9	-91
NS20424D	1	1	2006	7	-91
NS20432W	2	1	2007	7	-91
NS20432W	1	2	2006	9	-91
NS20440N	3	1	2006	9	-91
NS20444S	4	1	2007	1	-91
NS20444S	2	2	2006	10	-91
NS20444S	1	3	2006	9	-91
NS20447W	5	1	2006	10	-91
NS20447W	2	2	2006	7	-91
NS20449Y	4	1	2006	9	-91
NS20453L	5	1	2006	6	-91
NS20459S	5	1	2006	7	-91
NS20463F	3	1	2006	9	-91
NS20464G	7	1	2007	7	-91
NS20464G	1	2	2006	9	-91
NS20468L	7	1	2007	4	-91
NS20468L	5	2	2006	9	-91
NS20500M	9	1	2006	10	-91
NS20500M	1	2	2006	9	-91
NS20548Z	2	1	2006	7	-91
NS20549A	1	1	2006	9	-91
NS20555Q	10	1	2007	3	-91
NS20555Q	1	2	2006	9	-91
NS20578H	1	1	2006	9	-91
NS20595T	1	1	2007	3	-91
NS20595T	5	2	2006	6	-91
NS20598X	1	1	2006	9	-91
NS20599Y	7	1	2006	9	-91
NS20603S	5	1	2006	12	-91
NS20603S	7	2	2006	9	-91
NS20620D	5	1	2007	1	-91
NS20620D	1	2	2006	9	-91
NS20635D	5	1	2007	5	-91
NS20635D	2	2	2006	11	-91
NS20635D	9	3	2006	7	-91
NS20641T	1	1	2006	9	-91
NS20645Y	1	1	-1	-91	1
NS20650M	1	1	2006	7	-91
NS20661H	1	1	2006	9	-91
NS20665M	2	1	2006	7	-91
NS20677J	1	1	2006	9	-91
NS20684A	5	1	2007	5	-91
NS20684A	9	2	2007	5	-91
NS20684A	-92	3	-91	-91	-91
NS20694V	1	1	-1	-91	1
NS20707Z	1	1	2006	9	-91
NS20713P	3	1	2006	8	-91
NS20753S	1	1	2006	9	-91
NS20759Z	1	1	2006	10	-91
NS20759Z	4	2	2007	4	-91
NS20759Z	1	3	-1	-91	1
NS20782A	1	1	2006	9	-91
NS20785D	1	1	2006	9	-91
NS20789H	2	1	2006	3	-91
NS20802W	7	1	2007	3	-91
NS20802W	1	2	2006	9	-91
NS20815T	1	1	2006	9	-91
NS20826P	1	1	2006	6	-91
NS20828R	1	1	2006	9	-91
NS20830C	1	1	2006	10	-91
NS20830C	1	2	-1	-91	1
NS20836J	3	1	2006	9	-91
NS20839M	2	1	2007	1	-91
NS20839M	1	2	2006	9	-91
NS20845C	5	1	2006	7	-91
NS20849G	1	1	2006	9	-91
NS20853V	1	1	2006	9	-91
NS20854W	5	1	2006	7	-91
NS20856Y	2	1	2006	7	-91
NS20860L	5	1	2006	9	-91
NS20861M	5	1	2006	12	-91
NS20861M	1	2	2006	7	-91
NS20864Q	5	1	2006	7	-91
NS20867T	2	1	2006	6	-91
NS20872H	1	1	2006	9	-91
NS20881B	1	1	2006	9	-91
NS20913T	1	1	2006	9	-91
NS20916X	4	1	2007	3	-91
NS20916X	5	2	2006	11	-91
NS20916X	1	3	2006	9	-91
NS20920K	1	1	2006	9	-91
NS20925Q	4	1	2006	9	-91
NS20950T	2	1	2006	10	-91
NS20950T	2	2	2006	7	-91
NS20958C	1	1	2006	9	-91
NS20963R	2	1	2007	6	-91
NS20963R	1	2	2006	9	-91
NS20964S	8	1	2006	9	-91
NS20975N	1	1	2006	9	-91
NS20976P	1	1	2006	1	-91
NS20991Y	1	1	2006	9	-91
NS20993A	1	1	2006	9	-91
NS20994B	1	1	2006	9	-91
NS20996D	5	1	2006	7	-91
NS21004B	1	1	2006	6	-91
NS21012T	1	1	2006	10	-91
NS21012T	1	2	2006	9	-91
NS21018A	1	1	2007	3	-91
NS21018A	1	2	2006	9	-91
NS21022N	1	1	2006	8	-91
NS21024Q	1	1	2006	8	-91
NS21026S	1	1	2006	9	-91
NS21036M	5	1	2007	6	-91
NS21036M	1	2	2006	9	-91
NS21046G	1	1	-1	-91	1
NS21052X	7	1	2006	10	-91
NS21052X	1	2	2006	9	-91
NS21053Y	1	1	2006	9	-91
NS21067X	2	1	2006	1	-91
NS21070J	2	1	2007	4	-91
NS21070J	1	2	-1	-91	1
NS21075P	1	1	2006	9	-91
NS21081E	8	1	2006	12	-91
NS21081E	9	2	2006	11	-91
NS21081E	1	3	2006	9	-91
NS21082F	5	1	2006	2	-91
NS21092A	9	1	2006	9	-91
NS21107G	1	1	2006	9	-91
NS21113X	1	1	2006	9	-91
NS21119D	1	1	2006	7	-91
NS21128X	1	1	2006	9	-91
NS21139S	4	1	2006	7	-91
NS21144G	2	1	2006	-1	1
NS21146J	1	1	2006	9	-91
NS21172N	1	1	2006	9	-91
NS21178V	5	1	2007	6	-91
NS21178V	1	2	2006	9	-91
NS21206H	1	1	2006	9	-91
NS21208K	7	1	2007	5	-91
NS21208K	2	2	2006	9	-91
NS21226X	1	1	2006	9	-91
NS21228Z	4	1	2006	9	-91
NS21236R	7	1	2006	9	-91
NS21237S	5	1	2006	7	-91
NS21238T	2	1	2006	7	-91
NS21242G	1	1	-1	-91	1
NS21243H	1	1	2006	9	-91
NS21253C	1	1	2006	9	-91
NS21259J	5	1	2006	6	-91
NS21261V	9	1	2006	6	-91
NS21269D	1	1	2006	1	-91
NS21291D	5	1	2006	8	-91
NS21292E	7	1	2006	11	-91
NS21292E	1	2	2006	9	-91
NS21310Y	10	1	2006	5	-91
NS21311Z	4	1	2006	7	-91
NS21314C	7	1	2006	9	-91
NS21329C	1	1	2006	9	-91
NS21336T	5	1	2006	8	-91
NS21343K	1	1	2006	9	-91
NS21346N	4	1	2006	7	-91
NS21355G	1	1	2006	10	-91
NS21355G	7	2	2006	2	-91
NS21356H	1	1	2006	9	-91
NS21367D	1	1	2006	9	-91
NS21368E	1	1	2006	6	-91
NS21370Q	1	1	2006	9	-91
NS21371R	1	1	2006	9	-91
NS21373T	4	1	2006	9	-91
NS21380K	1	1	2006	9	-91
NS21391F	3	1	2006	9	-91
NS21409Q	9	1	2007	4	-91
NS21409Q	1	2	2006	9	-91
NS21421W	1	1	2006	9	-91
NS21438Y	1	1	2006	1	-91
NS21453G	2	1	2006	6	-91
NS21466E	10	1	2007	4	-91
NS21466E	5	2	2007	3	-91
NS21466E	4	3	2007	1	-91
NS21466E	5	4	2006	10	-91
NS21466E	7	5	2006	7	-91
NS21469H	1	1	2006	9	-91
NS21471T	1	1	2006	9	-91
NS21472V	9	1	2006	9	-91
NS21476Z	5	1	2006	6	-91
NS21477A	5	1	2007	4	-91
NS21477A	1	2	2007	1	-91
NS21477A	5	3	2006	5	-91
NS21478B	8	1	2006	7	-91
NS21480M	1	1	2006	9	-91
NS21481N	2	1	2006	9	-91
NS21484R	1	1	2006	9	-91
NS21490G	1	1	2006	9	-91
NS21496N	1	1	2007	9	-91
NS21496N	1	2	2007	9	-91
NS21496N	1	3	2007	9	-91
NS21496N	1	4	2006	9	-91
NS21501J	2	1	2006	7	-91
NS21503L	10	1	2006	10	-91
NS21503L	1	2	2006	1	-91
NS21504M	7	1	2006	12	-91
NS21504M	5	2	2006	9	-91
NS21515H	1	1	2006	9	-91
NS21519M	1	1	2006	11	-91
NS21519M	1	2	-1	-91	2
NS21519M	1	3	-1	-91	1
NS21534W	1	1	2006	9	-91
NS21539B	1	1	2006	11	-91
NS21539B	1	2	2006	9	-91
NS21548V	8	1	2006	6	-91
NS21551G	8	1	2006	6	-91
NS21552H	5	1	2006	12	-91
NS21552H	1	2	2006	6	-91
NS21564E	1	1	2006	9	-91
NS21571W	1	1	2006	9	-91
NS21577C	4	1	2007	1	-91
NS21577C	5	2	2006	7	-91
NS21583S	1	1	2006	9	-91
NS21590J	1	1	2006	4	-91
NS21591K	1	1	2006	9	-91
NS21597R	1	1	2006	9	-91
NS21601L	5	1	2007	2	-91
NS21601L	4	2	2006	10	-91
NS21601L	1	3	2006	9	-91
NS21615K	1	1	2006	10	-91
NS21615K	1	2	2006	7	-91
NS21620Z	1	1	2006	9	-91
NS21623C	1	1	2006	9	-91
NS21656P	4	1	2006	10	-91
NS21656P	5	2	2006	6	-91
NS21657Q	3	1	2006	9	-91
NS21668L	1	1	2006	10	-91
NS21668L	1	2	2006	9	-91
NS21674B	1	1	2006	9	-91
NS21679G	1	1	2006	9	-91
NS21681S	9	1	2006	7	-91
NS21692N	1	1	2006	9	-91
NS21701N	1	1	2006	9	-91
NS21706T	7	1	2006	1	-91
NS21708W	1	1	2006	9	-91
NS21715M	5	1	2006	12	-91
NS21715M	4	2	2006	8	-91
NS21718Q	7	1	2006	-1	-1
NS21729L	5	1	2006	7	-91
NS21735B	4	1	2007	1	-91
NS21735B	7	2	2006	10	-91
NS21735B	1	3	2006	9	-91
NS21741R	4	1	2007	1	-91
NS21741R	5	2	2006	7	-91
NS21757S	4	1	2006	11	-91
NS21757S	7	2	2006	6	-91
NS21766L	9	1	2007	1	-91
NS21766L	8	2	2007	1	-91
NS21766L	8	3	2007	1	-91
NS21766L	-92	4	-91	-91	-91
NS21771A	1	1	-1	-91	1
NS21777G	4	1	2006	7	-91
NS21808Y	1	1	2006	9	-91
NS21812L	1	1	2006	9	-91
NS21825J	1	1	2006	9	-91
NS21844X	8	1	2007	3	-91
NS21844X	2	2	2006	11	-91
NS21844X	5	3	2006	7	-91
NS21845Y	1	1	2006	9	-91
NS21846Z	9	1	2007	2	-91
NS21846Z	1	2	2006	9	-91
NS21851N	5	1	2007	2	-91
NS21851N	2	2	2006	10	-91
NS21851N	5	3	2006	8	-91
NS21856T	7	1	2006	11	-91
NS21856T	5	2	2006	7	-91
NS21869R	1	1	2007	7	-91
NS21869R	1	2	-1	-91	1
NS21872D	1	1	2006	3	-91
NS21886C	1	1	2006	9	-91
NS21893T	2	1	2006	11	-91
NS21893T	5	2	2006	7	-91
NS21894V	1	1	2006	7	-91
NS21917T	1	1	2006	9	-91
NS21921G	2	1	2007	2	-91
NS21921G	1	2	2006	9	-91
NS21927N	1	1	2006	9	-91
NS21939K	1	1	2006	9	-91
NS21965P	1	1	2006	9	-91
NS21968S	9	1	2006	6	-91
NS21973G	9	1	2006	7	-91
NS21975J	2	1	2006	5	-91
NS21981Z	1	1	2007	9	-91
NS21981Z	1	2	2006	9	-91
NS21988G	5	1	2006	7	-91
NS21994X	4	1	2007	2	-91
NS21994X	10	2	2006	11	-91
NS21994X	5	3	2006	10	-91
NS21994X	1	4	2006	9	-91
NS22025M	9	1	2006	12	-91
NS22025M	1	2	2006	9	-91
NS22049F	1	1	2006	9	-91
NS22067S	2	1	2006	9	-91
NS22071F	9	1	2006	6	-91
NS22076L	1	1	2006	9	-91
NS22102X	5	1	2007	4	-91
NS22102X	2	2	2007	1	-91
NS22102X	4	3	2006	8	-91
NS22104Z	8	1	2007	6	-91
NS22104Z	1	2	2006	9	-91
NS22109E	1	1	2006	9	-91
NS22119Z	5	1	2006	9	-91
NS22120J	1	1	2006	9	-91
NS22127R	4	1	2006	9	-91
NS22128S	1	1	2006	9	-91
NS22134H	8	1	2006	6	-91
NS22143B	10	1	2007	5	-91
NS22143B	5	2	2006	9	-91
NS22146E	1	1	2007	4	-91
NS22146E	5	2	2006	12	-91
NS22146E	1	3	2006	9	-91
NS22168W	5	1	2006	10	-91
NS22168W	1	2	2006	9	-91
NS22201Y	1	1	2006	1	-91
NS22209G	1	1	2006	9	-91
NS22211S	10	1	2006	8	-91
NS22222N	5	1	2007	2	-91
NS22222N	2	2	2006	9	-91
NS22296E	1	1	2006	9	-91
NS22307G	5	1	2006	7	-91
NS22334M	8	1	2006	6	-91
NS22347K	1	1	2006	9	-91
NS22378V	7	1	2007	1	-91
NS22378V	2	2	2006	10	-91
NS22378V	5	3	-1	-91	-1
NS22383J	1	1	2006	9	-91
NS22387N	1	1	2006	9	-91
NS22394E	1	1	2006	9	-91
NS22399K	1	1	2006	9	-91
NS22408K	1	1	2006	9	-91
NS22411X	5	1	2006	9	-91
NS22435Q	1	1	2006	9	-91
NS22441F	2	1	2006	12	-91
NS22441F	2	2	2006	7	-91
NS22443H	2	1	2006	10	-91
NS22443H	1	2	-1	-91	1
NS22452B	1	1	2006	9	-91
NS22453C	1	1	2006	9	-91
NS22465Z	1	1	2006	9	-91
NS22466A	7	1	2006	5	-91
NS22492E	5	1	2006	7	-91
NS22496J	2	1	2007	1	-91
NS22496J	5	2	2006	7	-91
NS22499M	5	1	2006	6	-91
NS22500D	5	1	2006	6	-91
NS22506K	1	1	2006	9	-91
NS22513B	1	1	2006	9	-91
NS22514C	2	2	-1	-91	2
NS22514C	2	3	-1	-91	2
NS22514C	2	4	-1	-91	2
NS22514C	2	5	-1	-91	1
NS22515D	1	1	2006	9	-91
NS22520S	5	1	2006	7	-91
NS22527A	1	1	2006	8	-91
NS22542J	10	1	2006	9	-91
NS22544L	1	1	2006	9	-91
NS22545M	1	1	2006	9	-91
NS22549R	2	1	2006	8	-91
NS22571R	5	1	2007	1	-91
NS22571R	7	2	2006	11	-91
NS22571R	1	3	2006	9	-91
NS22580K	1	1	2006	9	-91
NS22599P	5	1	2006	7	-91
NS22609Q	7	1	2007	3	-91
NS22609Q	5	2	2006	12	-91
NS22609Q	1	3	2006	9	-91
NS22618J	1	1	-1	-91	2
NS22618J	1	2	-1	-91	-1
NS22619K	1	1	2006	9	-91
NS22622X	2	1	2006	9	-91
NS22627C	1	1	2006	9	-91
NS22649T	1	1	2006	9	-91
NS22651E	1	1	2006	2	-91
NS22661Z	9	1	2006	9	-91
NS22668G	1	1	2006	9	-91
NS22678B	7	1	2007	1	-91
NS22678B	1	2	2006	9	-91
NS22688W	5	1	2006	6	-91
NS22697P	1	1	2006	9	-91
NS22708R	1	1	2006	9	-91
NS22711D	7	1	2006	9	-91
NS22724B	1	1	2006	9	-91
NS22734W	5	1	2006	2	-91
NS22736Y	1	1	2006	9	-91
NS22749W	4	1	2006	7	-91
NS22750F	1	1	2006	9	-91
NS22757N	5	1	2006	7	-91
NS22763D	4	1	2007	2	-91
NS22763D	1	2	2007	1	-91
NS22763D	8	3	-1	-91	1
NS22764E	5	1	2006	6	-91
NS22765F	1	1	-1	-91	1
NS22781Q	1	1	2006	9	-91
NS22784T	4	1	2006	3	-91
NS22787X	2	1	2007	1	-91
NS22787X	9	2	2006	7	-91
NS22799T	1	1	2006	9	-91
NS22809V	2	1	2007	1	-91
NS22809V	1	2	2006	9	-91
NS22812G	1	1	2006	9	-91
NS22833X	4	1	2006	1	-91
NS22847W	1	1	2006	9	-91
NS22851J	7	1	2006	5	-91
NS22865H	1	1	2006	10	-91
NS22865H	1	2	2006	1	-91
NS22871Y	5	1	2006	12	-91
NS22871Y	1	2	2006	9	-91
NS22876D	8	1	2006	6	-91
NS22877E	2	1	2007	4	-91
NS22877E	5	2	2006	7	-91
NS22888A	1	1	2006	9	-91
NS22917P	2	1	2006	9	-91
NS22923E	4	1	2006	6	-91
NS22928K	1	1	2006	9	-91
NS22930W	1	1	2006	9	-91
NS22943T	1	1	2006	9	-91
NS22966L	1	1	2006	5	-91
NS22975E	2	1	2007	4	-91
NS22975E	1	2	2006	9	-91
NS22985Z	1	1	2006	9	-91
NS22987B	1	1	2007	2	-91
NS22987B	1	2	2006	9	-91
NS22994S	7	1	2007	2	-91
NS22994S	1	2	2006	9	-91
NS22997W	5	1	2006	6	-91
NS23006V	1	1	2006	9	-91
NS23008X	1	1	2006	9	-91
NS23012K	1	1	2006	1	-91
NS23023F	1	1	2006	9	-91
NS23028L	2	1	2007	1	-91
NS23028L	1	2	2006	9	-91
NS23029M	1	1	2006	10	-91
NS23029M	1	2	2006	1	-91
NS23035C	2	1	2006	12	-91
NS23035C	5	2	2006	7	-91
NS23051M	1	1	2006	9	-91
NS23069Q	1	1	2006	7	-91
NS23071B	8	1	2006	5	-91
NS23078J	1	1	2006	10	-91
NS23078J	1	2	-1	-91	1
NS23083Y	1	1	2006	9	-91
NS23087C	2	1	2007	2	-91
NS23087C	1	2	2006	9	-91
NS23093S	5	1	2007	5	-91
NS23093S	2	2	2006	8	-91
NS23095V	4	1	2006	12	-91
NS23095V	4	2	2006	6	-91
NS23100Q	4	1	2006	9	-91
NS23118T	6	1	2007	1	-91
NS23118T	1	2	-1	-91	-1
NS23152Q	1	1	2006	11	-91
NS23152Q	5	2	2006	7	-91
NS23161J	1	1	2006	9	-91
NS23175H	4	1	2006	9	-91
NS23186D	1	1	2006	9	-91
NS23225M	1	1	-1	-91	2
NS23225M	1	2	2006	9	-91
NS23231C	1	1	2006	9	-91
NS23250Q	8	1	2006	10	-91
NS23250Q	1	2	-1	-91	1
NS23254V	2	1	2006	4	-91
NS23261L	1	1	2006	9	-91
NS23267S	1	1	2006	9	-91
NS23271F	1	1	2006	9	-91
NS23273H	1	1	2006	9	-91
NS23285E	10	1	2006	5	-91
NS23290T	5	1	2006	7	-91
NS23291V	10	1	2006	6	-91
NS23298C	5	1	2006	7	-91
NS23326Q	1	1	2006	9	-91
NS23338M	1	1	-1	-91	1
NS23356Z	7	1	2006	11	-91
NS23356Z	1	2	2006	9	-91
NS23400X	1	1	2006	9	-91
NS23422N	1	1	2006	9	-91
NS23425R	10	1	2007	2	-91
NS23425R	8	2	2006	10	-91
NS23425R	2	3	2006	9	-91
NS23441B	1	1	2006	9	-91
NS23446G	2	1	2006	7	-91
NS23474N	1	1	2006	9	-91
NS23486K	5	1	2006	8	-91
NS23505E	1	1	2006	8	-91
NS23514Y	1	1	2007	6	-91
NS23514Y	1	2	2006	9	-91
NS23516A	1	1	2006	9	-91
NS23569B	2	1	2006	9	-91
NS23575R	1	1	2006	9	-91
NS23595F	8	1	2007	4	-91
NS23595F	5	2	2006	8	-91
NS23596G	3	1	2006	9	-91
NS23599K	8	1	2006	7	-91
NS23609L	1	1	2006	9	-91
NS23611X	1	1	2006	9	-91
NS23618E	1	1	2006	10	-91
NS23618E	1	2	-1	-91	1
NS23629A	1	1	2006	9	-91
NS23647M	1	1	2006	9	-91
NS23656F	8	1	2006	6	-91
NS23659J	5	1	2006	7	-91
NS23660T	4	1	2006	10	-91
NS23660T	4	2	2006	9	-91
NS23661V	2	1	2007	2	-91
NS23661V	2	2	2006	7	-91
NS23662W	5	1	2006	7	-91
NS23669D	1	1	2006	9	-91
NS23671P	4	1	2006	9	-91
NS23680H	4	1	2007	2	-91
NS23680H	4	2	2006	10	-91
NS23680H	1	3	2006	9	-91
NS23684M	3	1	2006	9	-91
NS23687Q	1	1	2006	9	-91
NS23695H	5	1	2006	7	-91
NS23701E	5	1	2006	8	-91
NS23706K	8	1	2007	9	-91
NS23706K	8	2	2007	5	-91
NS23706K	1	3	2007	2	-91
NS23706K	9	4	2006	12	-91
NS23706K	1	5	2006	-1	1
NS23720S	1	1	2006	9	-91
NS23723W	1	1	2006	9	-91
NS23727A	1	1	2006	9	-91
NS23742J	5	1	2006	7	-91
NS23744L	1	1	2006	9	-91
NS23756H	1	1	2006	9	-91
NS23759L	1	1	2006	9	-91
NS23766C	2	1	2007	6	-91
NS23766C	5	2	2007	5	-91
NS23766C	1	3	2006	9	-91
NS23769F	1	1	2006	9	-91
NS23779A	1	1	2006	9	-91
NS23780K	9	1	2006	7	-91
NS23792G	1	1	2006	10	-91
NS23792G	1	2	2006	9	-91
NS23806M	1	1	2006	9	-91
NS23809Q	5	1	2006	5	-91
NS23813D	10	1	-1	-91	1
NS23834T	5	1	2006	10	-91
NS23834T	1	2	2006	9	-91
NS23839Z	5	1	2006	7	-91
NS23844N	8	1	2007	6	-91
NS23844N	1	2	2006	9	-91
NS23857L	5	1	2006	7	-91
NS23861Z	5	1	2006	6	-91
NS23866E	1	1	2006	9	-91
NS23886T	1	1	2006	9	-91
NS23892J	1	1	2006	9	-91
NS23893K	1	1	2006	9	-91
NS23894L	7	1	2006	10	-91
NS23894L	1	2	2006	10	-91
NS23894L	1	3	2006	7	-91
NS23903L	1	1	2006	9	-91
NS23913F	9	1	2007	5	-91
NS23913F	1	2	2006	9	-91
NS23914G	2	1	2007	6	-91
NS23914G	2	2	2007	4	-91
NS23914G	7	3	2006	3	-91
NS23915H	2	1	2006	11	-91
NS23915H	1	2	-1	-91	1
NS23920X	1	1	2006	9	-91
NS23922Z	4	1	2006	9	-91
NS23944Q	5	1	2007	2	-91
NS23944Q	2	2	2007	1	-91
NS23944Q	7	3	2006	11	-91
NS23944Q	5	4	2006	8	-91
NS23956M	9	1	2006	4	-91
NS23964E	2	1	2006	9	-91
NS23969K	1	1	2006	9	-91
NS23988Y	2	1	2007	6	-91
NS23988Y	5	2	2006	11	-91
NS23988Y	2	3	2006	8	-91
NS24020Y	2	1	2007	1	-91
NS24020Y	1	2	2006	10	-91
NS24020Y	1	3	2006	9	-91
NS24025D	8	1	2006	6	-91
NS24032V	1	1	2006	9	-91
NS24042P	1	1	2006	9	-91
NS24044R	4	1	2006	9	-91
NS24070W	4	1	2006	9	-91
NS24077D	5	1	2006	7	-91
NS24079F	2	1	2006	6	-91
NS24093N	7	1	2006	6	-91
NS24115L	5	1	2006	10	-91
NS24115L	1	2	-1	-91	1
NS24116M	1	1	2006	9	-91
NS24127H	1	1	2006	9	-91
NS24130V	5	1	2006	6	-91
NS24136B	6	1	2006	11	-91
NS24136B	9	2	2006	6	-91
NS24152L	2	1	2007	2	-91
NS24152L	1	2	2006	9	-91
NS24160D	5	1	2006	9	-91
NS24184X	5	1	2006	9	-91
NS24190M	9	1	2006	7	-91
NS24196T	1	1	2006	9	-91
NS24202Q	1	1	2006	9	-91
NS24203R	1	1	2006	9	-91
NS24208X	1	1	2006	9	-91
NS24229M	5	1	2006	8	-91
NS24235C	7	1	2006	10	-91
NS24235C	1	2	2006	1	-91
NS24236D	1	1	2006	4	-91
NS24241S	1	1	2006	9	-91
NS24245X	5	1	2006	4	-91
NS24252N	2	1	-1	-91	2
NS24252N	9	2	2006	5	-91
NS24256S	7	1	2006	5	-91
NS24259W	1	1	2006	9	-91
NS24264K	5	1	2006	7	-91
NS24280V	7	1	2006	1	-91
NS24298Y	1	1	2006	9	-91
NS24303T	1	1	2006	9	-91
NS24312M	1	1	2006	9	-91
NS24342W	5	1	2006	8	-91
NS24358X	7	1	2007	5	-91
NS24358X	9	2	2006	5	-91
NS24362K	2	1	2006	9	-91
NS24364M	1	1	2007	2	-91
NS24364M	1	2	2006	9	-91
NS24374G	7	1	2007	6	-91
NS24374G	1	2	2006	1	-91
NS24398A	5	1	2006	10	-91
NS24398A	1	2	-1	-91	1
NS24408B	5	1	2006	9	-91
NS24419X	1	1	2006	9	-91
NS24422J	4	1	2006	12	-91
NS24422J	5	2	2006	9	-91
NS24429R	1	1	2006	9	-91
NS24446C	1	1	2006	9	-91
NS24451R	1	1	2006	9	-91
NS24464P	1	1	2006	9	-91
NS24480Z	1	1	2006	9	-91
NS24486F	2	2	2006	10	-91
NS24486F	1	3	2006	1	-91
NS24492W	1	1	2006	9	-91
NS24505A	1	1	2006	9	-91
NS24507C	1	1	2006	9	-91
NS24516W	5	1	2006	10	-91
NS24516W	2	2	2006	5	-91
NS24518Y	1	1	2006	11	-91
NS24518Y	1	2	2006	11	-91
NS24518Y	1	3	-1	-91	-1
NS24529T	2	1	2007	6	-91
NS24529T	5	2	2006	5	-91
NS24530D	1	1	2006	9	-91
NS24541Z	1	1	2006	9	-91
NS24543B	8	1	2006	9	-91
NS24565S	1	1	-1	-91	1
NS24575M	7	1	2006	6	-91
NS24588K	8	1	2006	6	-91
NS24602Z	1	1	2006	9	-91
NS24617Z	7	1	2006	11	-91
NS24617Z	9	2	2006	9	-91
NS24619B	1	1	2006	9	-91
NS24634K	7	1	2006	10	-91
NS24634K	5	2	2006	8	-91
NS24643D	1	1	2006	9	-91
NS24654Z	1	1	2006	9	-91
NS24664T	2	1	2006	8	-91
NS24672L	1	1	2006	9	-91
NS24676Q	3	1	2006	9	-91
NS24677R	1	1	2006	9	-91
NS24678S	1	1	2006	5	-91
NS24701A	1	1	2006	9	-91
NS24704D	2	1	2006	5	-91
NS24719D	5	1	2006	7	-91
NS24729Y	1	1	2006	9	-91
NS24735N	1	1	2006	9	-91
NS24761S	1	1	2006	9	-91
NS24763V	3	1	2006	6	-91
NS24764W	1	1	2006	9	-91
NS24768A	2	1	2007	4	-91
NS24768A	2	2	2006	12	-91
NS24768A	5	3	2006	6	-91
NS24776S	1	1	2006	9	-91
NS24794E	7	1	2006	7	-91
NS24802D	8	1	2006	6	-91
NS24808K	1	1	2006	9	-91
NS24810W	5	1	2006	12	-91
NS24810W	1	2	2006	9	-91
NS24822S	1	1	2006	9	-91
NS24858H	5	1	2007	4	-91
NS24858H	5	2	2007	4	-91
NS24858H	5	3	2007	4	-91
NS24858H	-92	4	-91	-91	-91
NS24863X	1	1	2006	9	-91
NS24864Y	5	1	2006	7	-91
NS24890C	1	1	2006	9	-91
NS24907L	1	1	2006	9	-91
NS24909N	1	1	2006	9	-91
NS24947P	2	1	2006	11	-91
NS24947P	1	2	2006	9	-91
NS24951C	8	1	2007	6	-91
NS24951C	1	2	2006	9	-91
NS24962Y	1	1	2006	9	-91
NS24967D	5	1	2006	7	-91
NS24970Q	1	1	2006	9	-91
NS24979A	2	1	2006	9	-91
NS24986R	1	1	2006	1	-91
NS24995K	1	1	2006	9	-91
NS25005K	1	1	2006	9	-91
NS25006L	1	1	2006	9	-91
NS25012B	1	1	2006	1	-91
NS25015E	1	1	2006	9	-91
NS25021V	3	1	2007	4	-91
NS25021V	5	2	-1	-91	2
NS25021V	5	3	2006	7	-91
NS25037W	3	1	2006	2	-91
NS25055H	10	1	2006	10	-91
NS25055H	9	2	2006	7	-91
NS25056J	5	1	2007	4	-91
NS25056J	1	2	2006	10	-91
NS25056J	1	3	2006	9	-91
NS25068F	4	1	2006	10	-91
NS25068F	8	2	2006	7	-91
NS25103K	7	1	2007	3	-91
NS25103K	4	2	2006	9	-91
NS25108Q	1	1	2006	9	-91
NS25127D	2	1	2007	3	-91
NS25127D	5	2	2006	11	-91
NS25127D	2	3	2006	11	-91
NS25127D	5	4	2006	9	-91
NS25163C	7	1	2007	2	-91
NS25163C	1	2	2006	9	-91
NS25181P	10	1	2006	9	-91
NS25194M	1	1	2006	9	-91
NS25198R	1	1	2006	9	-91
NS25221Z	1	1	2006	9	-91
NS25235Y	5	1	2006	12	-91
NS25235Y	1	2	2006	9	-91
NS25237A	7	1	2007	1	-91
NS25237A	1	2	2006	9	-91
NS25257P	1	1	2006	9	-91
NS25258Q	2	1	2006	11	-91
NS25258Q	5	2	2006	7	-91
NS25262D	1	1	2006	9	-91
NS25266H	10	1	2006	9	-91
NS25271X	1	1	2006	9	-91
NS25292M	7	1	2007	7	-91
NS25292M	1	2	2006	1	-91
NS25294P	1	1	2006	9	-91
NS25317N	1	1	-1	-91	1
NS25334Z	1	1	2006	9	-91
NS25336B	1	1	2006	9	-91
NS25345V	1	1	2006	1	-91
NS25348Y	1	1	2006	1	-91
NS25359T	1	1	2006	1	-91
NS25377F	2	1	2006	9	-91
NS25396T	1	1	2006	8	-91
NS25407W	7	1	2007	7	-91
NS25407W	5	2	2007	2	-91
NS25409Y	7	1	-1	-91	1
NS25418R	7	1	2007	4	-91
NS25418R	1	2	2006	9	-91
NS25423F	1	1	2006	9	-91
NS25427K	2	1	2006	11	-91
NS25427K	1	2	2006	1	-91
NS25443V	5	1	2006	11	-91
NS25443V	1	2	2006	9	-91
NS25446Y	1	1	2006	9	-91
NS25450L	1	1	2006	9	-91
NS25460F	1	1	2006	9	-91
NS25463J	8	1	2006	7	-91
NS25466M	1	1	2006	9	-91
NS25470A	1	1	-1	-91	1
NS25472C	8	1	2007	5	-91
NS25472C	5	2	2006	7	-91
NS25497X	1	1	2006	9	-91
NS25502S	1	1	2006	9	-91
NS25510K	9	1	2007	2	-91
NS25510K	1	2	2006	9	-91
NS25521F	1	1	-1	-91	1
NS25534D	1	1	2006	9	-91
NS25536F	5	1	2006	11	-91
NS25536F	5	2	2006	9	-91
NS25538H	1	1	2006	9	-91
NS25539J	1	1	-1	-91	1
NS25547B	1	1	2006	9	-91
NS25555T	4	1	2006	9	-91
NS25557W	1	1	2006	9	-91
NS25558X	5	1	2006	6	-91
NS25575H	1	1	2006	9	-91
NS25596Y	1	1	2006	9	-91
NS25612P	7	1	2006	7	-91
NS25617V	5	1	2006	9	-91
NS25622J	1	1	2006	9	-91
NS25640W	8	1	2006	12	-91
NS25640W	1	2	2006	9	-91
NS25642Y	5	1	2006	11	-91
NS25642Y	2	2	2006	9	-91
NS25648E	2	1	2006	11	-91
NS25648E	5	2	2006	8	-91
NS25657Y	1	1	2006	1	-91
NS25664P	1	1	2006	9	-91
NS25670E	7	1	2006	9	-91
NS25682B	1	1	2006	9	-91
NS25699D	1	1	2006	9	-91
NS25713S	9	1	-1	-91	1
NS25718Y	1	1	2006	9	-91
NS25725P	1	1	2006	9	-91
NS25728S	1	1	2006	9	-91
NS25736K	5	1	2006	9	-91
NS25748G	2	1	2006	8	-91
NS25771H	1	1	2006	9	-91
NS25775M	5	1	2006	9	-91
NS25784F	5	1	2007	5	-91
NS25784F	1	2	2007	1	-91
NS25784F	10	3	2006	9	-91
NS25791X	1	1	2006	9	-91
NS25803A	5	1	2006	9	-91
NS25822N	5	1	2006	7	-91
NS25824Q	2	1	2006	9	-91
NS25829W	2	1	2006	12	-91
NS25829W	5	2	2006	10	-91
NS25829W	1	3	-1	-91	1
NS25840A	1	1	2006	9	-91
NS25847H	1	1	2006	9	-91
NS25848J	5	1	2006	7	-91
NS25855A	1	1	2006	9	-91
NS25861Q	10	1	-1	-91	1
NS25864T	1	1	2006	9	-91
NS25867X	1	1	2006	7	-91
NS25876Q	1	1	2006	9	-91
NS25887L	5	1	2007	5	-91
NS25887L	2	2	2006	7	-91
NS25893B	8	1	-1	-91	1
NS25909J	10	1	2007	5	-91
NS25909J	1	2	2006	9	-91
NS25910T	1	1	2006	9	-91
NS25919D	2	1	2006	7	-91
NS25933L	4	1	2007	1	-91
NS25933L	4	2	2006	9	-91
NS25938R	8	1	2006	8	-91
NS25945H	10	1	2006	9	-91
NS25947K	2	1	2006	9	-91
NS25969B	1	1	2006	9	-91
NS25979W	1	1	2006	9	-91
NS25988P	7	1	2006	9	-91
NS25989Q	5	1	2006	7	-91
NS26006G	6	1	2006	6	-91
NS26012X	5	1	2007	4	-91
NS26012X	1	2	2006	9	-91
NS26027X	1	1	2006	1	-91
NS26029Z	1	1	2006	9	-91
NS26030J	-92	1	-91	-91	-91
NS26049N	7	1	2006	7	-91
NS26050Y	1	1	2006	9	-91
NS26052A	1	1	2006	9	-91
NS26058G	2	1	2006	11	-91
NS26058G	5	2	2006	6	-91
NS26077V	1	1	2006	9	-91
NS26081H	1	1	2006	9	-91
NS26102E	1	1	2006	9	-91
NS26106J	1	1	2006	9	-91
NS26121S	7	1	2006	9	-91
